,date,spx_close,vix_close,R1,R2,M1,M2,V1,V2,V3_hl10,V3_hl20,S1_hl10,S1_hl20,D1,curve_10y_2y,credit_spread_baa_aaa,X1_corr_42,X1_corr_ewm_hl10,X1_corr_ewm_hl20,X2_beta_42,X2_beta_63,X2_beta_ewm_hl10,X2_beta_ewm_hl20,X3_mom_diff_42,M_LV_MOVE_level,M_CH_MOVE_d14,M_CH_MOVE_d21,spx_close_z,vix_close_z,R1_z,R2_z,M1_z,M2_z,V1_z,V2_z,V3_hl10_z,V3_hl20_z,S1_hl10_z,S1_hl20_z,D1_z,curve_10y_2y_z,credit_spread_baa_aaa_z,X1_corr_42_z,X1_corr_ewm_hl10_z,X1_corr_ewm_hl20_z,X2_beta_42_z,X2_beta_63_z,X2_beta_ewm_hl10_z,X2_beta_ewm_hl20_z,X3_mom_diff_42_z,M_LV_MOVE_level_z,M_CH_MOVE_d14_z,M_CH_MOVE_d21_z
0,2025-02-05,604.17,15.770000457763672,0.0039969205648526795,-0.0013397843462996661,-0.009127819001326642,0.0021540305253342495,0.0762938849140756,0.09952622117142657,0.0866413585064843,0.09546428461752107,1.8201469517105313,1.6519267410787593,-0.04442798353909466,0.002599999999999998,0.006,0.31886477975458744,0.1803966628486389,0.11508783456225265,0.36685848469929916,0.11396162500823985,0.1802823627286517,0.09909966464982642,0.0322271036629278,52.95000076293945,-3.5,-2.4699974060058594,-0.0786605571587883,-0.6498608240226827,0.2573169331623638,-0.1813411364170475,-0.44601868573068604,-0.27015261585734845,-0.4589969618019282,-0.34720504079403947,-0.5162207355411382,-0.6655488186132945,-0.04430444342707059,0.10284111252284293,0.333297612463188,-1.845252049384362,-1.305062355583222,1.5737780579564824,0.5755896795498846,0.3446714844594804,1.183847555764336,-0.17330529010323306,0.34433949418410176,-0.06034173544479453,0.22202627271481468,2.898654616553947,-0.00685213942159115,0.32724265162913774
1,2025-02-06,606.34,15.5,0.003585269554914561,0.0075157206458493775,-0.0026517569006330177,-0.001911290372909491,0.07709597608392237,0.09879137674157226,0.08437635859077279,0.09413642218368903,1.8370074578799191,1.64654653750859,-0.04328622636067733,0.0023999999999999994,0.006,0.3212299950410649,0.17170150018915267,0.11013426588598794,0.37087974365902093,0.12868161914991225,0.17184820324041133,0.09496014141338893,0.039922398445617624,53.0,-4.400001525878906,-4.700000762939453,-0.027996138741111114,-0.6952846963615514,0.22509652703389182,0.16789431458154905,-0.2496944110795218,-0.32691018224124807,-0.44991920351886233,-0.3572078831002388,-0.5464229528418686,-0.6883563997236469,-0.015774028257150997,0.09123261756384418,0.35438799855208697,-2.0188224040681635,-1.305062355583222,1.5897762392420731,0.5350460160772229,0.3029506185405339,1.2035655557507812,-0.08144568636780854,0.31716326010092866,-0.08358561575611989,0.31377185678171926,2.9023455799054725,-0.1404873683201029,0.0800043429203566
2,2025-02-07,600.78,16.540000915527344,-0.009212073894027561,-0.001696353248178184,0.0022829728543527494,-0.005924689357700075,0.07743164091338815,0.09972091440323073,0.08604722888445394,0.09458943814535267,1.9222002997606826,1.7486097010229447,-0.04328622636067733,0.0020000000000000018,0.006,0.3314705189382896,0.24358762297665715,0.14608596699730225,0.3854912619391609,0.12818802153302644,0.24816415454818364,0.12724120546923243,0.03657923706604471,53.400001525878906,-2.8999977111816406,-5.099998474121094,-0.1578091186499953,-0.5203188121904588,-0.7765665160191049,-0.19540318046422708,-0.1000962100920215,-0.38294284608402973,-0.4461202785330667,-0.34455483944978005,-0.5241430457473727,-0.6805753238932912,0.1283845826377285,0.311447281136242,0.35438799855208697,-2.365963113435767,-1.305062355583222,1.659042558762278,0.8702354639101897,0.6057497114066953,1.2752122515083901,-0.08452596486897433,0.5630656715874299,0.09767612536216422,0.27391369643043717,2.931873849922579,0.08223820198374186,0.035656984746008674
3,2025-02-10,604.79,15.8100004196167,0.006652479389328114,0.011875992013104408,0.0004961630162654274,0.0008767214489857622,0.07818576761414497,0.10042602284540358,0.0854717703521748,0.09404463935954871,1.8497335850741996,1.6811165981691278,-0.04328622636067733,0.0023000000000000034,0.006,0.31474562024861336,0.20610490009594745,0.12759310595153314,0.3720755795418071,0.29823010631391744,0.21254991297578762,0.11187699905435884,0.042312233074272676,52.20000076293945,-3.8999977111816335,-6.299999237060547,-0.06418500903945235,-0.6431313792809191,0.46517062902845285,0.3398507799406224,-0.1542640268837236,-0.28798563728621673,-0.4375853635986657,-0.3349567690701444,-0.5318163898031028,-0.6899328764374858,0.005760419683518874,0.16582205821906187,0.35438799855208697,-2.1056075814100614,-1.305062355583222,1.5459162980153904,0.6954616313750862,0.44999570322162474,1.2094292646431326,0.9766156616822071,0.44831079091252873,0.011404408889529313,0.3422641731933633,2.8432893214737125,-0.06624513393950324,-0.09738593564060502
4,2025-02-11,605.21,16.020000457763672,0.0006942149039135259,0.005716810518981319,0.005650341045063456,-0.002582541648314951,0.07631247712967801,0.10015929087703826,0.08258647494498723,0.09244090794821637,1.939784991239179,1.7329990383410958,-0.0392724745134384,0.0025000000000000022,0.006,0.30882183992516604,0.19928183331766722,0.12425631840531788,0.3633760301290027,0.28444581833977284,0.19915088491156738,0.1073564070628402,0.0476806494333708,51.310001373291016,5.210002899169929,-7.090000152587891,-0.05437899257151345,-0.6078017542760051,-0.001189702675259183,0.09695051295536447,0.001986831615357346,-0.3362817890043357,-0.45878654228164156,-0.3385875754138891,-0.5702898211971626,-0.7174788279692459,0.1581404240980126,0.2777652286478138,0.42852948653523426,-1.9320372267262598,-1.305062355583222,1.5058481858006818,0.6636471462247375,0.42189199155154994,1.1667715504988971,0.8905952992490981,0.4051369425085515,-0.013979214582439548,0.40626802337564627,2.777589216368226,1.286438146948305,-0.18497257071273573
5,2025-02-12,603.36,15.890000343322754,-0.0030614717309607187,-0.0013415817768320792,-0.0026813661231317454,-0.0014574364951451813,0.07637616149221559,0.10002932470032111,0.08029870162036508,0.09108796856055103,1.9788614289739386,1.7444675289645772,-0.03457508731082649,0.002599999999999998,0.006,0.34239704084576206,0.23374624405221006,0.14327599820769876,0.39253087220338356,0.2812264929361527,0.21149155230595929,0.11828991310872379,0.04113206586792906,51.59999847412109,2.3999977111816335,-6.30000305175782,-0.09757216034695161,-0.6296724897973918,-0.29515168927432794,-0.18141202186775668,-0.2505920258706809,-0.3205737472486435,-0.4580657872462287,-0.34035669975915905,-0.6007957062551528,-0.7407171349168397,0.22426340882538534,0.302510001564616,0.5152989954858728,-1.845252049384362,-1.305062355583222,1.7329489296943958,0.8243472418210467,0.5820830704919935,1.3097305544788924,0.8705052127296525,0.44490058064228405,0.047413629810042476,0.3281938701445234,2.798996916448052,0.8691992026741747,-0.09738635857239077
6,2025-02-13,609.69,15.100000381469728,0.010436597760278055,0.005509746428531415,0.013025467074380792,0.03911902730015626,0.07042948966858772,0.08634300976186658,0.08362721730837773,0.09225817950031363,1.8056322890415029,1.636711288175635,-0.03457508731082649,0.0020999999999999977,0.006,0.36822634604038873,0.3553479466389115,0.20641833012481373,0.4133998191461724,0.3173435374872297,0.29938509820882536,0.16757805193042521,0.02805945828972689,51.400001525878906,2.450000762939453,-5.299999237060547,0.05021851641981701,-0.762579143779188,0.7613580008717705,0.08878450536144436,0.22556656968049518,0.24593044642537817,-0.5253679237526375,-0.5266574248112416,-0.5564122370104447,-0.7206174015070809,-0.06886535208772385,0.07001177697425465,0.5152989954858728,-2.279177936093869,-1.305062355583222,1.9076568767244078,1.3913496890954753,1.1138921430796445,1.4120601730527502,1.0958923540984242,0.7281078855535588,0.32417197469750153,0.17233836994490953,2.7842330630419525,0.8766238226055185,0.013483094192942233
7,2025-02-14,609.7,14.770000457763672,1.6401643445185243e-05,0.014738221966004161,0.013041868717825977,0.03944248614394574,0.06541118487830846,0.0863412727597097,0.08077858222724447,0.09067324596833416,1.8284550248991795,1.6289259637756657,-0.03457508731082649,0.0020999999999999977,0.006,0.37158121985262627,0.34689274637060497,0.2048019453110922,0.4227971865602632,0.32206572439706493,0.28976854753904624,0.16582201826470147,0.012675645925092738,51.29999923706055,3.3699989318847656,-5.150001525878906,0.05045199300238673,-0.8180971030093933,-0.05424293952954674,0.45272883368784944,0.22606379171178456,0.25044638434476163,-0.5821631604906378,-0.5266810692153563,-0.5943968281506363,-0.7478404776060253,-0.030245981898521006,0.0532139183295921,0.5152989954858728,-2.279177936093869,-1.305062355583222,1.9303490518280069,1.3519249183698596,1.1002783267597405,1.458139595541991,1.1253609947872165,0.6971217947120235,0.31431165165608094,-0.011071998393922061,2.776850854736449,1.0132282197737967,0.03011319490890335
8,2025-02-18,611.35,15.350000381469728,0.002702593676428222,0.010094121349190743,0.015810931868172062,0.027478037317338,0.06238825996052444,0.08444804717869246,0.07580264962856241,0.08777470286294858,2.0249952286213824,1.7487954821604144,-0.03457508731082649,0.002599999999999998,0.006,0.34912603204812914,0.3011612062818192,0.18340117881024853,0.38733946763655625,0.31708659457243893,0.23523552856546726,0.1434939822523029,0.02606311183348886,51.09999847412109,-0.8500022888183665,-6.30000305175782,0.08897562912642516,-0.7205200740325104,0.15600845340348615,0.2695789653479189,0.3100089895808316,0.0834059426378536,-0.6163754579739059,-0.5524520163268867,-0.6607474697452407,-0.7976263253667403,0.30232847069744245,0.31184812831045516,0.5152989954858728,-1.845252049384362,-1.305062355583222,1.7784634423648003,1.1386886346962632,0.9200328172904642,1.2842748163124014,1.0942889109103262,0.5214075352230443,0.1889372626223808,0.14853733609245032,2.7620867197278955,0.38662836092362474,-0.09738635857239077
9,2025-02-19,612.9,15.270000457763672,0.002532163901487472,0.015687756981638934,0.014346175204806855,0.019107812446163663,0.06072738676264781,0.08229643309811653,0.07361238854744044,0.08643625095987971,2.074379158057441,1.7666199410767367,-0.03457508731082649,0.0025000000000000022,0.006,0.35595340235908207,0.3023521608351563,0.18323728890780602,0.39443467639730206,0.31003226146536955,0.23636014154637472,0.14353024393406089,0.03396405725426899,51.25,-0.75,-5.049999237060547,0.12516449942476374,-0.7339789635160381,0.14266871553717914,0.4901757426691174,0.26560433672167605,-0.033454104985713176,-0.6351725797923983,-0.5817401968960261,-0.6899530960494688,-0.8206157929228428,0.3858932222759485,0.3503067365728366,0.5152989954858728,-1.9320372267262598,-1.305062355583222,1.8246433857141233,1.1442417982784368,0.9186524733218753,1.3190657431463928,1.0502665942166964,0.5250312212186351,0.18914087597167933,0.24273474798897465,2.7731598913849242,0.40147703436733573,0.04120035165132905
10,2025-02-20,610.39,15.65999984741211,-0.004103693355506088,0.001147465865854791,0.0066572122943862055,0.015004119090657575,0.062040319337617805,0.08262222143086304,0.07215969628322719,0.08540255380156306,2.170186496620846,1.8336688014973033,-0.03449480249480251,0.0022000000000000006,0.006,0.26748909944788796,0.2731638407193256,0.17539347904307998,0.2574057233300993,0.30319890930487087,0.21670761119553622,0.13824777966933943,0.043683137951650686,50.09999847412109,-1.960002899169929,-6.0,0.06656187719971074,-0.6683669173944967,-0.3767275950975049,-0.08325119684180966,0.03251051477602814,-0.09074740454908255,-0.6203133156518669,-0.5773055040749768,-0.7093237490594385,-0.8383707434216006,0.5480130968560981,0.4949734481661048,0.5167820058833804,-2.192392758751965,-1.305062355583222,1.2262758868364896,1.0081429724770012,0.8525888813850188,0.6471525632728288,1.007623301318164,0.46170757102139687,0.1594792555132546,0.35860850726073873,2.6882663262875823,0.22181176742178546,-0.06412531127689784
11,2025-02-21,600.0,18.209999084472656,-0.01716844192003375,-0.016037377697624144,-0.001299155731619983,-0.0020811662038244805,0.07881565816245724,0.08812956082473505,0.0866217870151883,0.09160005435504347,2.102242370187965,1.9879899867624935,-0.025008397715821275,0.0023000000000000034,0.006,0.1660513694140441,0.015759299415593696,0.06637053548177942,0.17398147865575633,0.2417351099305136,0.014382675230270583,0.05622813744662047,-0.0004478582968374667,50.0,-2.4000015258789062,3.9000015258789134,-0.17602029209044945,-0.23936453433247942,-1.3993207493781947,-0.7609716201889422,-0.2086897944977322,-0.32928188646620676,-0.4304565054871134,-0.5023385515534157,-0.5164817079274596,-0.7319214660314415,0.4330418073815793,0.8279416486911441,0.6920136078091284,-2.1056075814100614,-1.305062355583222,0.5401568669069798,-0.19207874937518096,-0.06564439802916029,0.23808682743379278,0.6240606313699391,-0.19021629030959364,-0.3010700971806369,-0.16753430345777295,2.6808843995845324,0.1564793035263894,1.033478253247935
12,2025-02-24,597.2,18.979999542236328,-0.004677589551111083,-0.020714967248735228,-0.01262922467205918,0.0037074669833288,0.07727721852711465,0.08652823844868664,0.08483630512248047,0.09057939936398884,2.2372496674430113,2.0953991388225193,-0.02561592429433828,0.002699999999999994,0.006,0.1472581625237201,0.008263931599513703,0.06316873829237135,0.15399612704973556,0.23872183173155462,0.007608395031879287,0.05382440970333603,-0.010416474643886175,47.5,-2.5999984741210866,-1.7000007629394531,-0.24139373521002966,-0.10982252250025548,-0.4216471217148636,-0.9454421950366637,-0.5521651243963086,-0.24846446992872434,-0.44786797149963165,-0.5241360566555182,-0.5402898819304779,-0.7494524021442924,0.6614936820144194,1.0596909838189779,0.6807914580014499,-1.758466872042464,-1.305062355583222,0.41304068746744077,-0.2270280289044638,-0.09261116885016818,0.1400898651282646,0.6052563751564569,-0.21204412326356775,-0.3145672940254599,-0.28638310066774736,2.496333415983749,0.12678308947692166,0.4126114324209984
13,2025-02-25,594.21,19.43000030517578,-0.005019273427752324,-0.028436834352915774,-0.01834271300372503,0.010114764357816775,0.07784597204888043,0.0845632584446842,0.08331444131010565,0.08966684219419496,2.332128740185048,2.1669102903273294,-0.030494371023005288,0.0022999999999999965,0.006,0.13564113672188335,-0.05745065001649327,0.024759698442631428,0.13679453267710148,0.20632812079726873,-0.04796301669992453,0.02023873927862943,-0.048345688281563604,47.5,-5.0,-1.4500007629394531,-0.31120323339843986,-0.034116068602141045,-0.4483911184673226,-1.2499702533541235,-0.7253716865017041,-0.15900963593739229,-0.44143103865792177,-0.5508837386359999,-0.5605828899984378,-0.7651266324994983,0.8220427965589199,1.2139856737742982,0.5906774416706446,-2.105607581410067,-1.305062355583222,0.33446378758026163,-0.533440914623105,-0.4161069163351561,0.05574288797414874,0.40310456576685666,-0.39110425316288666,-0.5031545440391462,-0.7385864218731727,2.496333415983749,-0.22957714330646037,0.44032868987938517
14,2025-02-26,594.43,19.100000381469727,0.0003701709559020827,-0.030598827298501163,-0.01491107031686223,0.014266108915358622,0.07706019887654035,0.08429571013414024,0.08048408484009004,0.0881299681069253,2.3731400337617803,2.1672537494052304,-0.030494371023005288,0.0020000000000000018,0.006,0.12610708307660842,-0.05247888162535031,0.026049673256335608,0.12384834544902638,0.20533269232443968,-0.04362922779833067,0.021239518292350913,-0.06054769279158112,47.59999847412109,-5.3500022888183665,-0.3300018310546946,-0.30606674858190336,-0.08963402783234606,-0.026553001577335655,-1.3352329890283388,-0.6213401391068524,-0.10105105893824026,-0.45032411614334505,-0.5545256571849259,-0.5983237484209807,-0.791524231760323,0.8914398372316386,1.2147267317886348,0.5906774416706446,-2.365963113435767,-1.305062355583222,0.26997599254710297,-0.5102586335769184,-0.4052422509275186,-0.007737957737256303,0.39689262952687077,-0.3771400802276954,-0.49753505931001885,-0.8840623343849033,2.503715342686799,-0.2815466507309829,0.5645018848720575
15,2025-02-27,585.04,21.1299991607666,-0.015922742230489284,-0.04241787617348436,-0.04127041030762957,-0.0016566333151306623,0.08690627508314074,0.08896437514311036,0.09120856008129806,0.09305689231937897,2.316668429140043,2.270653858528468,-0.045456028715940636,0.0022000000000000006,0.006,0.16648842286097598,0.08757526909337951,0.09199474752645542,0.16910491428379773,0.24184458537143388,0.07951751007613203,0.07901361569546439,-0.06986302136238365,47.5,-5.5,-4.450000762939453,-0.5253012596150702,0.2518854131441249,-1.3018183773634444,-1.801342021532822,-1.4204335115154574,-0.32335481349575623,-0.33889002585503053,-0.4909749000886818,-0.45532024125770615,-0.7068985802342026,0.7958817140659796,1.4378260308880644,0.3143076992781737,-2.192392758751965,-1.305062355583222,0.5431130714924498,0.14278358967519278,0.15017259873865724,0.21417488911216023,0.6247438089938506,0.01965874480303439,-0.17312711945061357,-0.9951224411953496,2.496333415983749,-0.3038188112680834,0.10772160037874343
16,2025-02-28,594.07,19.6299991607666,0.015316936574603979,-0.00993249767884663,-0.025969875376470775,0.016103516871995183,0.09682278349801256,0.09297380350605818,0.09933368585795811,0.09713643057050675,1.9761673989261261,2.0208689001103566,-0.045456028715940636,0.0025000000000000022,0.006,0.1886273792661609,0.2153901417506601,0.1565236457743449,0.19546757792685673,0.2849398291251062,0.21455462885012874,0.14099906774608192,-0.06450354460905228,48.400001525878906,-5.0,-3.5999984741210938,-0.3144719055544186,-0.00046900533594095787,1.1433478292600567,-0.5202128460094603,-0.9565920017478443,-0.07539827366410412,-0.22665881101770394,-0.4363977977480929,-0.3469772728539457,-0.6368277677880156,0.2197047203155541,0.8988822171804537,0.3143076992781737,-1.9320372267262598,-1.305062355583222,0.6928597098085835,0.7387567056196496,0.6936598677448125,0.34344261510622676,0.8936781561133734,0.45477031162082315,0.17492804202926301,-0.9312251716413025,2.5627718827210124,-0.22957714330646037,0.20196052949632956
17,2025-03-03,583.97,22.780000686645508,-0.017147545891562643,-0.017383180591545866,-0.04582001494446164,-0.019383836935938703,0.10997588926218288,0.09475965070219552,0.10596441066951127,0.10072619921439216,2.1497784532292887,2.261576517759702,-0.047201827378038755,0.001999999999999995,0.0064,0.1915867954089904,0.1675237005198971,0.12993719312929145,0.20535013242443234,0.2732344648878042,0.18512173123362105,0.1249844316866075,-0.06687586788824706,42.0,-10.200000762939453,-10.060001373291016,-0.5502832539500516,0.5294755301803867,-1.3976851927840002,-0.8140461857874771,-1.5583564987239902,-0.5708513731753588,-0.0777970365868133,-0.41208850565823935,-0.25856111432311246,-0.5751693177657956,0.5134797355846552,1.418240477445517,0.28205953958788754,-2.3659631134357726,-0.48010065930781576,0.712877031793256,0.5155658395147176,0.46973850951684726,0.39190112310112674,0.8206312438613276,0.35993272685763056,0.08500409124206708,-0.9595087125570883,2.0903212520620262,-1.0016906033911355,-0.5142537246565423
18,2025-03-04,576.87,23.51000022888184,-0.012232673815131712,-0.02998602536257966,-0.060584852661080824,-0.02033375078773858,0.11173362956828072,0.09513495203076613,0.10871665651072139,0.10238746978106895,2.1625021393629167,2.2961794328107077,-0.05878609887420456,0.002599999999999998,0.0064,0.2302131364072798,0.261371916046878,0.18948775569269843,0.2454259599848083,0.28792928660807265,0.272933456370927,0.17936075875794374,-0.0683033167138225,42.5099983215332,-8.800003051757812,-9.890003204345703,-0.7160516275747046,0.6522879368282292,-1.0129924055711224,-1.3110658567581752,-2.005958144598718,-0.5841134993031656,-0.05790361022456237,-0.40697983250990616,-0.2218618074557445,-0.5466350643443942,0.535010052897622,1.4929008057578934,0.06807642388597546,-1.845252049384362,-0.48010065930781576,0.9741433990548962,0.9531597772985753,0.9712963153085307,0.5884105185932667,0.9123337599897212,0.6428763919502811,0.39033317529942807,-0.9765271803255522,2.127969528811507,-0.7938142729499762,-0.495406192592096
19,2025-03-05,583.05,21.93000030517578,0.010656008135736528,-0.0034072749963538485,-0.04582515116983821,-0.010866056574577954,0.11649567370301525,0.09699708271418452,0.10975774213165974,0.10317171522331395,1.998036756156088,2.125582603498309,-0.05878609887420456,0.0029,0.0064,0.1915916704259984,0.1459336157937234,0.13224455188682357,0.20492273954914741,0.26231776546409863,0.15600940014095924,0.126623780212512,-0.04444349715087359,32.900001525878906,-18.69999694824218,-17.19999694824218,-0.5717630995464872,0.3864746288646354,0.7785315076418262,-0.2628769754513192,-1.5585122053410394,-0.45193124450550065,-0.0040086326789671705,-0.38163215506549475,-0.20797964616552272,-0.5331647370885745,0.2567108359684121,1.1248157682187243,0.06807642388597546,-1.5848965173586567,-0.48010065930781576,0.7129100061302266,0.41489594249683226,0.48917197489124775,0.38980542799830303,0.7525059665338465,0.2661280595894665,0.09420921433190996,-0.6920633432211146,1.418555784396157,-2.2637983923197513,-1.3058581070671982
20,2025-03-06,572.8,24.8700008392334,-0.017736330319905846,-0.036460541890863674,-0.046393039569710304,-0.0286023868944838,0.1287718805963044,0.10203962858611443,0.11858714795097566,0.10824839043060244,2.0971919191036403,2.2974938232617363,-0.06542666014031656,0.0032999999999999974,0.0064,0.22888334740053845,0.18216894359890334,0.15656780899308845,0.2497980627036645,0.2802812725566372,0.21026782093967356,0.15814184454255303,-0.07446255076338204,30.600000381469727,-20.80000114440918,-21.899999618530273,-0.8110765966806686,0.8810893789334308,-1.4437700387951637,-1.566402023555864,-1.5757279572060128,-0.6995552256711004,0.13492873878153117,-0.31299206046929295,-0.09024558739513051,-0.4459669381215518,0.42449571364135874,1.4957367755731474,-0.05458713680512168,-1.2377558079910536,-0.48010065930781576,0.9651487820646106,0.583853441497961,0.6940318274062536,0.6098488597234059,0.8646065983233375,0.440957519082745,0.2711866276928291,-1.0499593932867413,1.2487687950027004,-2.575614020819442,-1.8269428433371206
21,2025-03-07,575.85,23.3700008392334,0.005310594468480367,-0.031149947422383306,-0.03640485555011885,-0.008059817403509584,0.12954622644065306,0.09880198772023574,0.11564703682040609,0.10699203938410674,2.0208041193070785,2.1842747342476514,-0.06542666014031656,0.0033000000000000043,0.0064,0.2332579069882992,0.15410497433006942,0.1418799829432936,0.2548152047574776,0.2647404888024252,0.1802699578871151,0.14398440064977835,-0.07636323775137388,35.58000183105469,-15.71999740600586,-17.369998931884766,-0.7398662389968373,0.6287349604533649,0.3601397264348061,-1.3569675694039378,-1.2729323767685405,-0.4127522202592669,0.1436924861792697,-0.3570634444381587,-0.12944994878949465,-0.4675462280133022,0.2952365075287028,1.2514517393396445,-0.05458713680512168,-1.2377558079910473,-0.48010065930781576,0.9947380535908587,0.4529972205966315,0.5703252915101203,0.6344501122017903,0.767624885989745,0.34429952376644096,0.19169101610612785,-1.07261994662044,1.6163944613443926,-1.8213181192387558,-1.3247060620634303
22,2025-03-10,560.75,27.86000061035156,-0.02657203671459829,-0.04057443824541895,-0.05795761883696482,-0.03640458381086997,0.1532285311605485,0.10956512222134682,0.13716635020074766,0.11950001219814613,2.0311104414149312,2.331380566234266,-0.08508728993310488,0.0033000000000000043,0.0064,0.10952327112739105,-0.025728098744912647,0.040664936107499036,0.1307311110516503,0.1919901334293277,-0.03406683824146139,0.04557010913971664,-0.11337166537702892,30.0,-21.099998474121087,-23.0,-1.092415878677437,1.3841158145974664,-2.1353511149881346,-1.7286421724822478,-1.926312556455989,-0.8084848084780453,0.41171967051317954,-0.21055360812304422,0.15749530642541587,-0.2527072528199043,0.31267629525855334,1.5688518686812538,-0.41775566415836457,-1.2377558079910473,-0.48010065930781576,0.15780403446507585,-0.38552551687651276,-0.2821468702769475,0.026011266925617577,0.3136288618157308,-0.34632850530380377,-0.36091610363368737,-1.5138453842152648,1.2044765307782672,-2.6201586251031324,-1.9488988184472011
23,2025-03-11,556.12,26.920000076293945,-0.008291075098975753,-0.036632839529262995,-0.06661886489184266,-0.04581275663456719,0.15484106522023983,0.11054344877876249,0.13480174611121284,0.11877537536999178,1.9970067786870256,2.2664630604143894,-0.09264154021863269,0.0034000000000000002,0.0064,0.12556379646979504,-0.00047215261994205254,0.05964659051792972,0.14872127753911737,0.19961347344894187,-0.0006096977655580861,0.06621238411563818,-0.11440698371049685,29.100000381469727,-22.149999618530273,-24.30000114440918,-1.200515536407316,1.2259736225020927,-0.7044788628760615,-1.573196943044445,-2.188881510067015,-0.9398360614192046,0.42996970862279416,-0.19723644073329333,0.12596493591770133,-0.2651537328261076,0.2549679651131252,1.4287838342226447,-0.5572967663696109,-1.1509706306491496,-0.48010065930781576,0.26630123292774577,-0.26776250076348396,-0.12227605585341092,0.11422495972906928,0.36120204605767786,-0.23852415531558102,-0.24500744906439623,-1.5261887560913956,1.1380382048422304,-2.776066297748234,-2.0930286841103483
24,2025-03-12,558.91,24.229999542236328,0.005004360102669025,-0.0422844875623305,-0.045691762558684346,-0.058834876817087434,0.1462676603397425,0.10612726873222651,0.13107001925056955,0.11722348697688888,1.8486301963468308,2.066991877405368,-0.09264154021863269,0.0031000000000000055,0.0064,0.11088123497023218,-0.04075395624189191,0.03865739304441997,0.1307897591393494,0.1851421415276989,-0.05276014126914733,0.04282768309244068,-0.10341133960760018,27.700000762939453,-22.399997711181634,-24.5,-1.1353755698703054,0.7734179421799751,0.3361704043665334,-1.7960815613088488,-1.554468479088213,-1.1216430747444779,0.3329392211996746,-0.25735032444340294,0.07620492278466935,-0.291809220245662,0.003893326360852364,0.9983985909458993,-0.5572967663696109,-1.411326162674849,-0.48010065930781576,0.16698922443964456,-0.45558784159692167,-0.2990551722376241,0.026298844274910138,0.2708942101295483,-0.4065613690024804,-0.3763151288751553,-1.395095429727691,1.0346896821860372,-2.813186848519557,-2.115202363197522
25,2025-03-13,551.51,24.65999984741211,-0.013328487508569964,-0.037876644750994615,-0.07433718664185829,-0.07033977878720687,0.15127841149496732,0.10871601039671701,0.13275181300906883,0.11867665239427935,1.8576017372905846,2.077915019500568,-0.10016315875346711,0.0033000000000000043,0.0064,0.052261136475074715,-0.09530063005637067,0.00500794144798882,0.06137025216328489,0.15488517088261208,-0.12253508396817979,0.005598747658267456,-0.11690849720122287,27.100000381469727,-22.899999618530273,-24.21000099182129,-1.3081482409720553,0.8457595934858985,-1.0987630253226177,-1.6222490160714444,-2.4228653563512914,-1.2822675995123527,0.3896489688115499,-0.22211187996540568,0.09863048677558507,-0.26684941471200785,0.019074471296106885,1.0219667028760138,-0.6962350992408525,-1.2377558079910473,-0.48010065930781576,-0.22951377808465856,-0.7099271878855796,-0.5824638317415437,-0.31409550767395955,0.08207665307471448,-0.6313875865494417,-0.5853597144286128,-1.5560125409805925,0.9903974179616039,-2.887428799690669,-2.0830504545080575
26,2025-03-14,562.79,21.770000457763672,0.020246585885583812,-0.02294065333389117,-0.054090600756274476,-0.05996487497426717,0.16299565747406977,0.11320826912512703,0.1418498111978853,0.12440057204334283,1.5347218493927905,1.7499919896010374,-0.10016315875346711,0.0029,0.0064,0.010365417965472017,-0.17230719811359627,-0.048211719393930014,0.012738960839405908,0.15076164531713915,-0.25170562876157704,-0.05794292049061737,-0.09347646460504677,26.5,-21.0,-25.099998474121087,-1.0447866558331713,0.35955684989758063,1.5291972479086084,-1.0332168035338472,-1.8090824391485663,-1.1374194296805717,0.5222602363833373,-0.16096239875093651,0.21994604020860553,-0.16853443995335876,-0.5272850009044615,0.3144297500672766,-0.6962350992408525,-1.5848965173586567,-0.48010065930781576,-0.5128940283471648,-1.0689921649036465,-1.0307003414878462,-0.5525561020474711,0.05634393736901373,-1.047596097528019,-0.9421532012325944,-1.276648906822385,0.9461051537371706,-2.6053105180783986,-2.1817236119249355
27,2025-03-17,567.02,20.51000022888184,0.0074880196932429754,0.011119403073950096,-0.029455035171468857,-0.05247685528102419,0.16462972701444148,0.11399562973505344,0.13884182933747613,0.12330565766531304,1.4772205412987733,1.663346241950379,-0.10016315875346711,0.0025000000000000022,0.0064,0.01969203191214018,-0.1372603961330266,-0.03464805987927121,0.024367350367454417,0.15372694549363805,-0.20291356751516984,-0.04202765592844729,-0.09372411091578048,25.5,-22.0,-25.900001525878906,-0.9460260614060892,0.1475790998680975,0.530569346094374,0.3100131050005303,-1.0622459405393077,-1.0328762003854892,0.5407540047514005,-0.15024469620161154,0.1798366692746137,-0.1873408673735084,-0.6245855312832201,0.12748018362369876,-0.6962350992408525,-1.9320372267262598,-0.48010065930781576,-0.44980934360299885,-0.9055765048477611,-0.9164619697271389,-0.49553699761946257,0.07484878842725105,-0.8903801378723256,-0.8527872323814262,-1.2796014195021312,0.8722847602968573,-2.753793854001645,-2.270419174137202
28,2025-03-18,561.05,21.700000762939453,-0.01058454836339262,0.008825929809533228,-0.027806909719729767,-0.07197448983145271,0.16046364001163219,0.11445077461387655,0.13780950961552768,0.12327914711539191,1.5746373979183224,1.7602328756077288,-0.10016315875346711,0.0025000000000000022,0.0064,-0.06617324424039663,-0.13681936744260068,-0.03346656834640513,-0.08295094319581893,0.15848573237369645,-0.20579551853847716,-0.041119397172637386,-0.10623911607665537,24.5,-23.099998474121087,-26.799999237060547,-1.08541158120034,0.34778036171014876,-0.8839916983611787,0.21956516662073702,-1.0122823934306189,-1.3050904523534064,0.4936038400077216,-0.1440491774436555,0.16607139522323588,-0.1877962168902963,-0.45974211934873876,0.33652580499045787,-0.6962350992408525,-1.9320372267262598,-0.48010065930781576,-1.0305971737338502,-0.903520083420508,-0.9065109923513196,-1.0217657563792233,0.10454582993801873,-0.8996662529540762,-0.8476872591222043,-1.4288090184972475,0.7984643668565441,-2.9171252969496244,-2.3702010472283237
29,2025-03-19,567.01,19.899999618530277,0.010566912145655749,0.014388481852519952,-0.027896005709810545,-0.06706394458526255,0.15675389315745775,0.11555582876072755,0.1368270666257755,0.12324662663502467,1.4543905755837865,1.6146486246200447,-0.10016315875346711,0.002600000000000005,0.0064,-0.05115068478694979,-0.09018851717652593,-0.014671172846461869,-0.06501542517790196,0.16862514140918475,-0.13953396098872234,-0.01837094847403688,-0.095794530013384,23.200000762939453,-24.299999237060547,-27.899997711181634,-0.946259537988659,0.044954867002928306,0.7715578602669478,0.43893609726307814,-1.0149833721048447,-1.2365323717570662,0.451618356936024,-0.12900696997539754,0.1529711931189222,-0.18835479394980612,-0.6632171354367302,0.022408686249734973,-0.6962350992408525,-1.845252049384356,-0.48010065930781576,-0.9289854384791988,-0.686090510832901,-0.7482089223095637,-0.9338200290394837,0.16782045404092732,-0.6861607339751512,-0.7199522064078602,-1.3042855693283597,0.7024979117046274,-3.095305413341316,-2.492156810872511
30,2025-03-20,565.68,19.799999237060547,-0.0023483929605463416,0.025368576400543574,-0.01250806835045104,-0.07495488699222097,0.15692217486769236,0.11520735181277075,0.1323533239484792,0.12123318910362323,1.4959956158538215,1.6332160676014746,-0.10016315875346711,0.0029,0.0064,-0.05319291236570709,-0.08997988586760199,-0.014382270383788358,-0.06666834434179805,0.17038538953666119,-0.13922307717496465,-0.018010480032811697,-0.10695059149252817,21.799999237060547,-26.60000228881836,-29.450000762939453,-0.977311923470461,0.028131174927209308,-0.23933817970029228,0.8719592026518624,-0.548492224632643,-1.3467009657511972,0.453522904381999,-0.13375050454699194,0.0933169090061524,-0.22293792442932597,-0.5928153894784463,0.062470380094647074,-0.6962350992408525,-1.5848965173586567,-0.48010065930781576,-0.9427989493330248,-0.6851177081482214,-0.7457756743429799,-0.9419250181430836,0.17880522033293605,-0.6851590157473744,-0.7179281362854615,-1.437291439174013,0.5991492482472076,-3.4368175390999625,-2.664004145459938
31,2025-03-21,564.19,19.280000686645508,-0.0026374730964375814,0.0024845174185221808,-0.02045613591536899,-0.07470156754287949,0.14790802371258377,0.11518795906669983,0.12808878528811254,0.11928364471858267,1.5052059899919135,1.6163155252450097,-0.10016315875346711,0.0031000000000000055,0.0064,-0.07590630217600075,-0.08204753889911504,-0.010383158830643889,-0.09415704166293433,0.08029963520363598,-0.12344946000659107,-0.01283995212168633,-0.10365888550430125,20.5,-21.5,-29.599998474121087,-1.0120999342733787,-0.05935144627310029,-0.2619648201243976,-0.030521758778351258,-0.7894409022856621,-1.3431642718905616,0.35150422073444376,-0.1340144822992218,0.036452216687919106,-0.25642361583617307,-0.577230104233146,0.026005243006313055,-0.6962350992408525,-1.411326162674849,-0.48010065930781576,-1.0964310224355687,-0.6481308893119047,-0.712093614436734,-1.0767141821423765,-0.3833717490050637,-0.6343338549113996,-0.6888950508193207,-1.3980467452415934,0.503182793095291,-2.6795521860400218,-2.6806342461758983
32,2025-03-24,574.02,17.479999542236328,0.01727316471858309,0.012269662443862295,0.02338906551781239,-0.04328159917528307,0.1526443047314829,0.11654040895534518,0.1341096708406884,0.1229056297926026,1.3034108153916188,1.4222293618065336,-0.10016315875346711,0.0030000000000000027,0.0064,-0.11935570212160734,-0.213932048018881,-0.08818727473554716,-0.15090843612201565,0.032434568361968646,-0.32908573550843856,-0.1115137407012021,-0.08697832844236153,20.600000381469727,-21.909997940063477,-29.399999618530273,-0.7825924536071361,-0.3621769409803213,1.296464094633556,0.35537600075552006,0.5397429805220038,-0.9044975626587538,0.40510762127861527,-0.11560467688525349,0.11673658779995974,-0.19421181117068734,-0.9186967276424629,-0.39276111415887655,-0.6962350992408525,-1.4981113400167527,-0.48010065930781576,-1.3903202853090433,-1.2630798401720051,-1.367389886630212,-1.3549912108996445,-0.6820720087013372,-1.2969273909741148,-1.24295927527362,-1.1991762024715524,0.5105648605995676,-2.740430047902306,-2.658460567088725
33,2025-03-25,575.36,17.149999618530273,0.0023316929250700724,0.025185903732324988,0.034011833541858216,-0.049389195477628434,0.14921622245047936,0.115636421801401,0.12972957490857825,0.12089686287236316,1.3219807149307359,1.4185644863784748,-0.10016315875346711,0.003499999999999996,0.0064,-0.1051520146464426,-0.2133097776338348,-0.08897401053566259,-0.13424726991254426,0.02018468031489069,-0.3287304763300935,-0.11264897481210867,-0.09787871493138933,20.200000762939453,-12.700000762939453,-27.299999237060547,-0.7513065915427644,-0.41769490021052635,0.12697761768681573,0.864755122057137,0.8617762153307014,-0.9897681504556936,0.36630990913405137,-0.1279099221594489,0.05833101867741995,-0.22871471847331903,-0.8872737716414958,-0.4006685636405028,-0.6962350992408525,-1.064185453307252,-0.48010065930781576,-1.2942473534069432,-1.2601783279095757,-1.374016078972619,-1.2732941905428032,-0.7585170025632741,-1.2957826881019006,-1.2493337402281774,-1.329133839343429,0.48103673138368763,-1.3728989431992509,-2.4256355621450973
34,2025-03-26,568.74,18.32999992370605,-0.011572544150195263,0.0030464474364739758,0.017434929288993928,-0.056501776502939194,0.1433051557962243,0.11719897629954056,0.13001730412480095,0.12136504621947267,1.4098123359111845,1.5103195273010208,-0.10016315875346711,0.003699999999999995,0.0064,-0.08037650347772483,-0.14646157373550603,-0.055570819439107424,-0.10298530579097216,0.060512961451726764,-0.2274970164670619,-0.07074561360559477,-0.09548435228497087,20.299999237060547,-10.30000114440918,-27.200000762939453,-0.9058680892040601,-0.2191760396645706,-0.9613232844267291,-0.008360867510938641,0.3592410862965295,-1.0890697307760415,0.29941073819233727,-0.10664013279351289,0.06216769003967771,-0.22067312516391227,-0.7386499648326044,-0.2026950267435379,-0.6962350992408525,-0.8906150986234503,-0.48010065930781576,-1.1266672090596503,-0.9484796065925144,-1.0926815203781484,-1.1200030411043542,-0.5068497879634407,-0.9695920100475979,-1.0140417375277229,-1.300587538562622,0.4884186580867378,-1.0165389936253575,-2.4145488283344565
35,2025-03-27,567.0,18.690000534057617,-0.0030640839652535945,0.002330756431766723,0.027699332832310297,-0.06483609590542727,0.14267548039383007,0.11694843945306999,0.12592340949590264,0.11945957091773696,1.4842355848588868,1.5645460962628142,-0.10016315875346711,0.0040999999999999995,0.0064,-0.0396699649113158,-0.1419858444500118,-0.05261489972887619,-0.05100058524454152,0.050099061440206726,-0.22007213043637272,-0.06684079027376258,-0.06974163157502034,20.06999969482422,-15.510002136230469,-27.529998779296868,-0.9464930145712287,-0.15861087654607847,-0.2953561519084214,-0.036585646450837346,0.6704103661823094,-1.205428487831529,0.29228431501924707,-0.11005048805419639,0.007578418609423077,-0.25340187882907367,-0.6127150629120813,-0.08569409095609061,-0.6962350992408525,-0.5434743892558411,-0.48010065930781576,-0.8513305041019499,-0.9276102486457896,-1.067785624518535,-0.8650991094508695,-0.5718373633110677,-0.9456678192503725,-0.9921157231106399,-0.9936751961896798,0.4714400013877601,-1.7901373210544038,-2.451135388254998
36,2025-03-28,555.83,21.649999618530277,-0.019896811625564226,-0.014928582097359921,-0.01244406467883774,-0.07946267209375701,0.13186102935897195,0.121866223551684,0.13545226981598507,0.12486593425796075,1.5983489717774597,1.733859578850666,-0.10016315875346711,0.0038000000000000048,0.0064,-0.10163870146151847,-0.30563276845319776,-0.14201802820491383,-0.12986815466771795,-0.017883524733379872,-0.45739094642582256,-0.18210646334166464,-0.11249682877248635,19.700000762939453,-10.299999237060547,-27.799999237060547,-1.207286357301843,0.3393683552296718,-1.6128734380841603,-0.7172439353345109,-0.5465519290936076,-1.4096359513399894,0.16989053218125827,-0.04310867447315879,0.1346392224616084,-0.160541302874421,-0.41961870669807555,0.2796219576799174,-0.6962350992408525,-0.8038299212815405,-0.48010065930781576,-1.2704835034238913,-1.6906604726554522,-1.8207732541754125,-1.2518214639158909,-0.9960802921269017,-1.710347655416991,-1.639345212055468,-1.503415323052772,0.444126534663531,-1.0165387104158699,-2.481070077061871
37,2025-03-31,559.15,22.280000686645508,0.005955281372009402,-0.02624646544393361,-0.013976803000071314,-0.07350739072174761,0.13064772076634776,0.12232958710452912,0.13204886897978832,0.12337860673595638,1.6872541854224992,1.8058236574455027,-0.10016315875346711,0.0034000000000000002,0.0064,-0.08240643933740459,-0.22933386145226453,-0.11202410734600093,-0.10456824101289587,-0.022687876292978106,-0.33220577442709504,-0.14204008193680145,-0.11395008487182778,18.299999237060547,-10.80000114440918,-30.10000228881836,-1.1297721318886267,0.44535739068703145,0.41060012457772593,-1.1635884519255353,-0.5930174716513287,-1.3264918930314198,0.1561587738217772,-0.03680128155943824,0.08925721122916563,-0.1860878822726186,-0.2691782258144894,0.43489389724536737,-0.6962350992408525,-1.1509706306491496,-0.48010065930781576,-1.140397579426757,-1.3348951661372492,-1.5681528844338528,-1.1277648681831542,-1.0260616784116263,-1.3069806639908559,-1.4143680538926753,-1.5207414727842665,0.34077787120611125,-1.0907806615869806,-2.7360691840244575
38,2025-04-01,561.03,21.770000457763672,0.003356606554540953,-0.025221551814462728,-3.564808213774029e-05,-0.06323091829525218,0.1301420883684185,0.12185113813958523,0.12794651266766993,0.12147090821891934,1.7014922879773502,1.7921987064202216,-0.10016315875346711,0.0030000000000000027,0.0073,-0.07647504885146215,-0.1912577432181845,-0.09629487690966089,-0.09595601630623064,0.005905214510851345,-0.2701521244881569,-0.12083335451786872,-0.12074938578187489,14.0,-13.700000762939453,-28.0,-1.0858785343654793,0.35955684989758063,0.20719880648730526,-1.1231688288842514,-0.17038608169451025,-1.1830179630420048,0.1504362214972508,-0.04331401997516925,0.03455510906829153,-0.21885482224535138,-0.2450852968691337,0.40549627813472056,-0.6962350992408525,-1.4981113400167527,1.376063157311847,-1.1002779925070159,-1.1573544593692595,-1.4356752391380174,-1.0855353454515373,-0.84762750476104,-1.1070337079477355,-1.2952899364945973,-1.6018047524707222,0.023350235733254784,-1.5213822791224971,-2.5032439676149374
39,2025-04-02,564.65,21.51000022888184,0.006431690140941804,-0.0072173175233256615,-0.004170870086851686,-0.06365262455234699,0.1250301975490336,0.1217777710789596,0.1250809586179049,0.12017231475191777,1.7196862309466467,1.789929758221502,-0.10016315875346711,0.0029,0.0073,-0.08846523387544104,-0.19970806079524286,-0.10125423475813435,-0.1127299120544332,-0.001991524691900693,-0.28626830441186374,-0.12811077943961666,-0.1149784719353173,14.399999618530272,-12.700000762939455,-28.10999870300293,-1.0013600114751635,0.3158153788548081,0.4478891962612251,-0.41313401007672956,-0.29574690251030283,-1.1889055722813897,0.09258181420254777,-0.044312706374756025,-0.0036550848913863647,-0.24115967482148698,-0.21429851376327888,0.40060072476326364,-0.6962350992408525,-1.5848965173586567,1.376063157311847,-1.181378920087721,-1.1967564631612868,-1.477444863698115,-1.1677851282803897,-0.8969068269526983,-1.158962661715311,-1.336153481447504,-1.533002208006383,0.05287836494913466,-1.3728989431992509,-2.5154394170998207
40,2025-04-03,537.64,30.020000457763672,-0.049016878966732236,-0.0531701125248043,-0.05083935609303758,-0.11666642408393191,0.1862949943336369,0.1498147796819005,0.19015241380494613,0.15784945820497542,1.5787335988570455,1.9018120682290338,-0.12279327785935715,0.003499999999999996,0.0073,-0.10212254304182397,-0.21668222443575882,-0.12556721459735604,-0.15880490915168866,-0.047867790507233825,-0.46949696661080087,-0.20878530206535867,-0.1535496283135771,13.399999618530272,-13.100000381469728,-19.500001907348633,-1.6319802609965526,1.7475061515379429,-3.8921351757437614,-2.225379060044552,-1.710519726145075,-1.929052370404157,0.7859531382853541,0.3373323934572946,0.8640280509891681,0.40598906846519317,-0.45281075487918515,0.642001484936116,-1.1142556365345866,-1.064185453307252,1.376063157311847,-1.2737561802747002,-1.2759033181795958,-1.682218157106274,-1.3937110885925823,-1.1831960440609541,-1.7493552220656066,-1.7891498389941918,-1.9928589607352794,-0.020942028491178606,-1.4322922209266518,-1.5608574254956782
41,2025-04-04,505.5,45.310001373291016,-0.06164115274242121,-0.09491445364166129,-0.10984303573902121,-0.18189284638126768,0.26558812894434114,0.1858119797931029,0.2604473981683851,0.20349753289738767,1.739698752682378,2.2265626874276796,-0.1752325012236906,0.0032999999999999974,0.0073,-0.18905260497809412,-0.3643715722903452,-0.22917342325000864,-0.352449275868712,-0.18242394880050153,-1.025287850643216,-0.4802386614209873,-0.22981476412919655,12.5,-13.0,-18.100000381469727,-2.3823739973763174,4.319839011269661,-4.8802518530011865,-3.8716548861560667,-3.499238615515623,-2.8397044655744654,1.6833622316183354,0.8273331358572207,1.801363358672436,1.19004782301108,-0.18043443234239578,1.3426935455119122,-2.0829059659232385,-1.2377558079910536,1.376063157311847,-1.861746160711224,-1.9645468148461702,-2.5548296059551423,-2.3432345235532734,-2.0228889992360255,-3.540203875902229,-3.313390442218719,-2.9021145028472186,-0.08738035442721512,-1.4174438306924297,-1.405640614555998
42,2025-04-07,504.55,46.97999954223633,-0.0018810955499883875,-0.10275083056365908,-0.1289972960075927,-0.1745618680372285,0.26362589078157206,0.18511247995474406,0.2516387044012626,0.20004194191712338,1.866962383788231,2.3485074725829227,-0.1767825093816283,0.004200000000000002,0.0073,-0.20257770734711347,-0.29707663596898976,-0.20224950379762674,-0.33617465667090596,-0.14091067899172788,-0.5554857936757478,-0.34129035620188125,-0.1886972777503697,12.029999732971191,-12.470000267028809,-23.550002098083496,-2.4045542727204605,4.60079328912764,-0.20276226469592012,-4.180698879804671,-4.079907268045089,-2.7373537531865484,1.6611543774428208,0.8178114108606758,1.6839054808841056,1.1306940303601845,0.03491403910941414,1.6058054157763813,-2.1115375095734943,-0.45668921191393735,1.376063157311847,-1.9532291816619267,-1.6507650768299604,-2.328065972119269,-2.2634329130785416,-1.7638269046663018,-2.026425212989152,-2.5331803572636424,-2.411899649522279,-0.12207595905633406,-1.3387477023024374,-2.009877017468134
43,2025-04-08,496.74,52.33000183105469,-0.015600192531768364,-0.1217076296499684,-0.14692918146443112,-0.19681453995832499,0.2660060684430863,0.18682046896496698,0.24751851294530416,0.19941041109503713,2.1141853677271567,2.6242361942734624,-0.18952520802741063,0.005499999999999998,0.0073,-0.1590500373226238,-0.22826967971794868,-0.1466000363054376,-0.2524698581973509,-0.10426696577792899,-0.39134560578957867,-0.23395788737830459,-0.18926872725151522,11.050000190734863,-12.15000057220459,-18.949999809265137,-2.5868994837075787,5.500857766768825,-1.2765720351014234,-4.928300093317215,-4.623519165322063,-3.0480321806451047,1.6880923095560827,0.841060882498324,1.6289655593369652,1.1198467542557973,0.4532510866726788,2.2007263019567276,-2.3469189368455967,0.6715180935307759,1.376063157311847,-1.658810504439421,-1.329933116800221,-1.8593646936193549,-1.8529914986611125,-1.535153106102434,-1.4975388225112316,-1.9304966866191589,-2.418712639762142,-0.1944199108355467,-1.2912330801205167,-1.4998792264747456
44,2025-04-09,543.37,33.619998931884766,0.08972373713951853,-0.038415582651391667,-0.04563290017471733,-0.10778501772271998,0.3843953472559918,0.2461397912850348,0.35972641910312975,0.27414605930622726,0.9345991049449796,1.226353536394644,-0.18952520802741063,0.004299999999999998,0.0073,-0.056891701277467135,-0.012394101022532302,-0.023309911124346844,-0.12313398043794303,-0.010287132128163639,-0.034045541105845976,-0.053871961571021525,-0.10267750778188756,10.600000381469728,-11.199998855590819,-18.5,-1.4981981791839805,2.3531564991819116,6.9672551562022536,-1.6435031648605045,-1.55268404363085,-1.8050555141297493,3.0279764733168713,1.6485267933386551,3.1251808753424113,2.4035184019975024,-1.54277948724996,-0.8153889017933278,-2.3469189368455967,-0.36990403457203963,1.376063157311847,-0.9678173465528387,-0.32335196848272457,-0.8209677079356642,-1.2188008480586596,-0.9486752722730969,-0.3462598824678718,-0.9192943171353902,-1.386346469309913,-0.22763907380356488,-1.1501736561048936,-1.4499881841962385
45,2025-04-10,524.7,40.720001220703125,-0.03496381682562166,-0.024362520510281094,-0.0775326330350854,-0.13968736281738092,0.39924174557421466,0.25388018900439113,0.36291497081640617,0.27959965468272463,1.1220259425809918,1.4563680798143366,-0.18952520802741063,0.005600000000000001,0.0073,0.043435065921460916,0.13090915546898352,0.09363748288604878,0.08832136864389487,0.15163662432880604,0.31733291148475,0.19942486187580996,-0.11936748623211013,7.900000095367432,-12.599999904632568,-19.80000066757202,-1.9340989588420447,3.547634465049841,-2.792185561619645,-1.089291123975976,-2.5197365236722162,-2.2504568772286704,3.1960022793267915,1.7538905609994342,3.1676980211714163,2.4971902430884145,-1.2256261682440759,-0.31910235185896074,-2.3469189368455967,0.7583032708726796,1.376063157311847,-0.2892128158692556,0.34484013248848855,0.16400834951895885,-0.18194233879768268,0.061804212999218705,0.7859386599831482,0.5029953310087248,-1.5853293366620709,-0.42695415721259483,-1.358050482162657,-1.5941179969929122
46,2025-04-11,533.98,37.560001373291016,0.01753171438261969,0.05481034661475981,-0.04010410702690148,-0.1325922461950393,0.3993495995777773,0.2551240158735817,0.35446489545790894,0.2773372777232785,1.059625420022759,1.3543077108720891,-0.18952520802741063,0.005199999999999996,0.0073,0.05768415437167207,0.15547341020673502,0.10783114830747309,0.11854973598927641,0.15258488302296333,0.37772435065830284,0.23124453285970345,-0.11437888175070565,8.100000381469727,-12.5,-19.0,-1.7174326902171475,3.016007849122654,1.316701079308734,2.03305728887897,-1.385076585956067,-2.151399124403294,3.1972229293114935,1.7708217691888921,3.0550220734088707,2.45833128850842,-1.331216878126717,-0.5393109857754549,-2.3469189368455967,0.41116256150507047,1.376063157311847,-0.1928327943616184,0.4593779412156895,0.28355287401158485,-0.033719368609327456,0.06772178790078477,0.9805297025035679,0.6816662990528348,-1.5258537162017909,-0.41219005740434816,-1.3432021627308066,-1.5054226991130122
47,2025-04-14,538.97,30.88999938964844,0.009301525657624765,0.06599296782237296,-0.03675786274128612,-0.12330712218085971,0.4003200835677645,0.25566442350707325,0.34352241209213713,0.27329625201846625,0.8992135098703065,1.1302752658152535,-0.18952520802741063,0.005400000000000002,0.0073,0.06690121213463607,0.17046651630906462,0.11776037327191981,0.13999910920685574,0.16369686808318668,0.4087876393700027,0.2514650161243209,-0.12278885784523474,8.600000381469727,-11.600000381469727,-17.899999618530273,-1.6009278755147507,1.8938715345606492,0.6725145795035457,2.474067458739368,-1.283633923429919,-2.0217658049659017,3.2082064925395635,1.7781779007988905,2.909111577726203,2.388921973820945,-1.6026570323469198,-1.022690373781138,-2.3469189368455967,0.584732916188878,1.376063157311847,-0.13048914139493048,0.5292875532641292,0.36718063623595204,0.07145633508192446,0.13706573834817967,1.0806206726351355,0.7952065465631769,-1.6261199425868935,-0.37527986068419156,-1.2095672170417826,-1.3834667240029317
48,2025-04-15,537.72,30.1200008392334,-0.0023219321468586074,0.07927122820728272,-0.04243640144268568,-0.12562905432771831,0.39878055435765714,0.2556980611606127,0.3318936702451906,0.26864699177565954,0.907519592554503,1.1211739480182181,-0.18952520802741063,0.0051,0.0073,0.04612200352122679,0.16884849789549813,0.11722005783362344,0.09887921962183638,0.16393456956010927,0.40264162602080644,0.24978296019506566,-0.12259773197962076,8.869999885559082,-11.429999351501465,-16.630000114440918,-1.6301124483359923,1.7643298436136612,-0.23726706085708382,2.9977235639656605,-1.4557809742606125,-2.0541832256967405,3.190782695140393,1.7786357829440578,2.754050296814302,2.3090655237932585,-1.5886019390398123,-1.0423276608073992,-2.3469189368455967,0.3243773841631727,1.376063157311847,-0.271038523207659,0.5217430832385294,0.36262989122193556,-0.13017255537285546,0.13854910602260143,1.0608172176863708,0.7857616166851625,-1.6238412833975806,-0.35534839106362587,-1.1843248970017073,-1.2426631110954587
49,2025-04-16,525.73,32.63999938964844,-0.022550205620777142,-0.03300271455301296,-0.07141829720440462,-0.15088185362492368,0.4047261447407806,0.25880608553339596,0.32762773808110096,0.26839133403565824,0.9962526244212184,1.2161346232331003,-0.18952520802741063,0.005200000000000003,0.0073,0.03237244353831573,0.13739611202147378,0.09906897590418492,0.06999826012132428,0.0955371107489061,0.3299323427171574,0.21295540996304918,-0.14544243479153085,8.789999961853027,-11.279999732971191,-15.710000038146973,-1.9100508708373423,2.188285022787392,-1.8205576902312903,-1.4300353351648372,-2.3343781178589893,-2.406747627958225,3.258072592320569,1.820942802527698,2.6971670230815796,2.3046743048740352,-1.4384528146298057,-0.8374375474207818,-2.3469189368455967,0.41116256150507646,1.376063157311847,-0.36403976265563776,0.3750874083274299,0.20975447857439114,-0.271788592724259,-0.2882828208407412,0.8265360773030549,0.5789708533872596,-1.8962025978761594,-0.36125401690680187,-1.162052453255118,-1.1406635951899595
50,2025-04-17,526.39,29.649999618530277,0.0012546099049011161,0.003215712177509822,-0.021146808332771272,-0.15215940762151003,0.4000364373007997,0.258776264363345,0.316489850180192,0.26379415007545565,0.9368388781393523,1.1239824541237626,-0.18619243434525465,0.005299999999999999,0.0073,0.03595469157782882,0.12815228737008136,0.09339780500880579,0.07826495044387462,0.08922462469241443,0.30314881538346916,0.1985680626256439,-0.14986626010433834,9.350000381469728,-10.350000381469725,-13.850000381469725,-1.8946414163877274,1.6852585871233563,0.042673069644672434,-0.0016855567041329379,-0.8103788981324818,-2.424584068816213,3.2049962935669303,1.8205368710825003,2.548650942210664,2.2257123255453886,-1.5389894670406066,-1.0362679404746415,-2.285356386565839,0.49794773884697424,1.376063157311847,-0.33980964124819807,0.33198545261444806,0.16198968999615743,-0.2312533769371929,-0.3276756672069719,0.7402351946355831,0.49818430855899154,-1.9489447537772506,-0.3199145656039565,-1.0239630471377246,-0.9344472377634222
51,2025-04-18,526.39,29.649999618530277,0.0,-0.014316002205109868,0.04049434440964994,-0.14805571426600395,0.3996119328211683,0.2586724307388594,0.305709044025029,0.2592623244698951,0.9698764298285781,1.1436293213506676,-0.17209999999999998,0.005299999999999999,0.0073,0.03516681553249376,0.12882123636626144,0.09348891788668139,0.07651788553744931,0.08614082312143218,0.3047069308705621,0.19879504318319122,-0.15115065812777484,9.350000381469728,-8.949998855590819,-12.449998855590819,-1.8946414163877274,1.6852585871233563,-0.05552671534988956,-0.6930855598232006,1.0582959867981783,-2.3672907692528433,3.20019191570935,1.8191234680142943,2.404896301022079,2.147872951945135,-1.483085150976677,-0.9938772472250055,-2.025042821744752,0.49794773884697424,1.376063157311847,-0.34513878987830715,0.33510461714806505,0.16275707779468562,-0.2398200039926155,-0.34692002203365974,0.745255696235641,0.4994588294666622,-1.9642577275049926,-0.3199145656039565,-0.8160861502775897,-0.779230426823742
52,2025-04-21,513.98,33.81999969482422,-0.023858028677881116,-0.04747555654061575,0.018517411281757212,-0.1547453010238513,0.4062388060058262,0.2603594688958548,0.3038210435400584,0.2598566018780411,1.1131552739323372,1.301487029784874,-0.1682183523107837,0.0067000000000000046,0.0073,0.06927862825297666,0.19094464274392198,0.13937825177066518,0.1474175631082217,0.12973174796564108,0.43102372484712553,0.28797696095830727,-0.14953669860734298,8.5,-5.5,-12.0,-2.1843858553570135,2.3868038833333483,-1.922922530901557,-2.0008022765479603,0.39205693777353073,-2.460686757907369,3.2751923086875543,1.8420877526484063,2.379721112045061,2.1580803573532577,-1.240636622665688,-0.6532785340540268,-1.9533415441227155,1.7129402216335972,1.376063157311847,-0.11440843437855466,0.6247726291896131,0.5492547466888494,0.10783227490369114,-0.07489239456921268,1.152268957785813,1.0002251506827362,-1.9450156239801937,-0.38266192818846817,-0.3038188112680834,-0.7293394902781813
53,2025-04-22,526.94,30.56999969482422,0.024902335875027326,-0.020251288518729815,0.0590199396885529,-0.1251653755977129,0.41300063507921336,0.26399951556737405,0.30280429388186436,0.2608752099003451,1.009562952457694,1.1718246324172399,-0.16434231112157857,0.006499999999999999,0.0073,0.10458985279574855,0.2290115341986146,0.15985046000705963,0.22891680222110505,0.16226968426617117,0.5297420108294341,0.3369479926276181,-0.10101955772773152,8.0,-6.399999618530272,-12.600000381469727,-1.8818002043463795,1.840035976626539,1.8936082462322839,-0.9271560498043522,1.6199064221308026,-2.047709622023669,3.35172008032646,1.89163676106864,2.3661634540936376,2.175576134397954,-1.4159298143643722,-0.9330421650362093,-1.881743829019994,1.5393698669497897,1.376063157311847,0.12443467427257665,0.8022703134802707,0.7216795803220076,0.5074588624523633,0.12815944812639835,1.4703553363852955,1.275202903875202,-1.3665798976102213,-0.41957212490862483,-0.43745375695710714,-0.7958609504714882
54,2025-04-23,535.41,28.450000762939453,0.015946118468710857,0.018245035570758183,-0.014757678982254774,-0.10419998370124972,0.3873067256543431,0.26538017321461843,0.2963646333153755,0.258647067279719,0.9599661216210126,1.099954507977144,-0.16434231112157857,0.0058999999999999955,0.0073,0.12265121628931586,0.26274213056729256,0.18152336619971268,0.26785383196385487,0.20023433153291129,0.5971346991885114,0.3807183623291325,-0.08716458951732164,8.300000190734863,-5.099999427795408,-11.90000057220459,-1.6840455389096483,1.4833752448704451,1.1925946321765668,0.5910273984687469,-0.6166900227187843,-1.7550034243795796,3.060926330345994,1.9104305358639009,2.280295005965707,2.137305194388975,-1.4998548259071403,-1.0881113861882277,-1.881743829019994,1.018658802898379,1.376063157311847,0.24660070672088222,0.9595487913488685,0.9042171552364661,0.698384231753345,0.3650764890106073,1.6875055428633954,1.5209783655440778,-1.2013968621855358,-0.39742599279640817,-0.24442539193593837,-0.7182526507345944
55,2025-04-24,546.54,26.46999931335449,0.020574689448740635,0.0375651151145977,0.040780827292107524,-0.08399546520841117,0.3430602756640713,0.2679118972048548,0.29282900480974716,0.25797626123936473,0.9039404867203032,1.026063374443362,-0.16383591159290997,0.005500000000000005,0.0073,0.15433057924969226,0.30235880333276965,0.2086149765345571,0.3483301878442882,0.23546361310583075,0.679808483407593,0.4371069967116887,-0.054951461207170205,8.699999809265137,-3.8000001907348633,-11.59999942779541,-1.4241861025093128,1.1502671686039776,1.5548782976373599,1.352955340331285,1.0669808238525413,-1.4729200837735716,2.5601620868346444,1.944892844902805,2.23314982963218,2.125783320748389,-1.5946583037990267,-1.2475411995688048,-1.8723896845690156,0.6715180935307818,1.376063157311847,0.46087811079047936,1.1442727708086124,1.1323931463606458,1.0929951732653889,0.5849235768576412,1.9538939263901873,1.837606777475693,-0.8173424035980578,-0.3678978635805282,-0.05139716851951377,-0.6849918149049947
56,2025-04-25,550.52,24.84000015258789,0.007255788126557583,0.044820903241155285,0.030504901036045418,-0.0608169348513643,0.343744652157716,0.2667130642614451,0.2836880520650836,0.2540178356899358,0.8756096695566548,0.9778840956234497,-0.16383591159290997,0.005499999999999998,0.0073,0.1595697109285796,0.3088891513202027,0.2147829146833954,0.3599244051072683,0.27274287277552145,0.6857566733691456,0.4474200313770837,-0.04951575041771239,8.59000015258789,-3.439999580383301,-11.479999542236328,-1.3312624226464789,0.8760421750451443,0.5123923096877842,1.63910259460703,0.7554622285669633,-1.149315377441618,2.567907595845927,1.9285741025986933,2.1112615067165863,2.0577927597628287,-1.6425981442558641,-1.3514943136126933,-1.8723896845690156,0.6715180935307759,1.376063157311847,0.4963152986258193,1.1747223715268933,1.1843419003442246,1.1498467160593657,0.8175634806408307,1.9730599621987013,1.8955156065164238,-0.7525362492816061,-0.37601808151474186,0.002056923039890928,-0.6716875440129226
57,2025-04-28,550.94,25.149999618530277,0.0007626241903588848,0.06944155610939529,0.021965999568779537,-0.0753712472356094,0.34034775191753613,0.2653096327588379,0.27403411826415447,0.2496592780404639,0.9177689178939026,1.0073729210437776,-0.16383591159290997,0.005599999999999994,0.0073,0.15233531815995893,0.30547806337925093,0.21463914487063962,0.3419950226455258,0.27497366906919324,0.6715290517428743,0.4446918836939919,-0.046203996726855934,8.40999984741211,-2.640000343322754,-11.290000915527344,-1.32145640617854,0.9281953316831588,0.00416477220519788,2.610069785743245,0.4966021974534285,-1.3525139371611403,2.529462790004302,1.9094703257477,1.982532933951525,1.9829294647544757,-1.5712585980862908,-1.2878683045269632,-1.8723896845690156,0.7583032708726736,1.376063157311847,0.44738227858943774,1.1588172059803092,1.183131015531036,1.0619310740480707,0.8314846861507579,1.9272162505281465,1.880196755867338,-0.7130525406994705,-0.3893057748621945,0.12084347849469274,-0.6506225805999912
58,2025-04-29,554.14,24.170000076293945,0.005791452101638228,0.05033067233600619,0.030079383817276373,-0.06957979513397117,0.19774803726504497,0.2655112290151704,0.2652674363261601,0.24568205759438191,0.9111559417559143,0.9837918288765849,-0.1493741116838194,0.005400000000000002,0.0073,0.13940604228532952,0.30948717906681983,0.21957669241977187,0.3142709491332711,0.28044764723357685,0.669936297839536,0.4511899990569738,-0.05188778132196337,8.930000305175781,-1.670000076293947,-9.369998931884766,-1.246743899756163,0.7633238552886387,0.3977770159258512,1.8563919187556033,0.742562512963948,-1.2716571646342996,0.9155742577358537,1.9122144923762934,1.86563525503284,1.914616079567437,-1.582448710223501,-1.3387476041631898,-1.6052532483909543,0.584732916188878,1.376063157311847,0.3599293940607792,1.1775108456079049,1.2247169453381312,0.925987757138018,0.8656448536207373,1.9220841383153813,1.9166843915488627,-0.780816304416698,-0.35091913648093725,0.26487235398956954,-0.4377538233950523
59,2025-04-30,554.35,24.700000762939453,0.00037889381503219965,0.03476344768232753,0.053008483253085714,-0.052053355427376324,0.16554422526073645,0.2637395466521758,0.25623396745968874,0.2414627438108981,0.9639627801035126,1.022932166391818,-0.14803190120915866,0.005700000000000004,0.0073,0.146724997336694,0.304111804118591,0.21610745930813888,0.32781263189364657,0.2716909780827372,0.6419026550955055,0.4385786368456248,-0.021579319938758168,8.5,0.5999999046325684,-5.5,-1.2418408915221937,0.8524891986702805,-0.02587025318855831,1.2424656968694607,1.4376668441372928,-1.0269635500293084,0.5511039429407703,1.8880980146924071,1.7451801557668225,1.8421444598461674,-1.4930919016715007,-1.2542971916809733,-1.5804601157895035,0.8450884482145834,1.376063157311847,0.4094343885541979,1.1524466344510726,1.1954977260335649,0.9923885791591903,0.8109991689488166,1.8317551804058165,1.8458701994160405,-0.4194698491741573,-0.38266192818846817,0.6019295237032436,-0.008690796360124209
60,2025-05-01,558.46,24.600000381469727,0.0073867393142128535,0.02157549754779975,0.05914061266239745,-0.03243394229803176,0.15806726799955492,0.2631638574872647,0.2484928653167683,0.23783872344963408,0.9899680761502216,1.0343143464894666,-0.14803190120915866,0.005500000000000005,0.0075,0.13129130086884394,0.29055921521009487,0.2079841628520546,0.29702003783021264,0.2603443260166443,0.6089898208717831,0.4209574075570462,-0.009267947793324183,8.600000381469727,0.5,-5.799999237060545,-1.1458820160859506,0.8356655065945621,0.522642012342207,0.7223711661722221,1.6235646690240022,-0.7530490987536439,0.4664826264852021,1.880261624158515,1.6419578786065216,1.7798976967559834,-1.4490871793117202,-1.2297386450455696,-1.5804601157895035,0.6715180935307818,1.7885440054495492,0.3050417459854242,1.089253842618716,1.1270801902299217,0.8413989573996867,0.7401907873364714,1.7257046737190902,1.7469250501493734,-0.2726900233137307,-0.37527986068419156,0.5870812042713934,-0.0419514207238312
61,2025-05-02,566.62,22.68000030517578,0.014505889511258196,0.028825598932500363,0.07364650217365565,-0.02858406092251009,0.16177510522935323,0.2637504091763406,0.24392992046170076,0.23579830891612552,0.9297752511150739,0.961838972019225,-0.13737952591820787,0.0049999999999999975,0.0075,0.12272465432406986,0.23511085689018363,0.17666386655501265,0.27664051692256586,0.2375264934100483,0.4801755095442568,0.35336291707735334,-0.002551203827866999,8.850000381469727,0.25,-4.549999237060545,-0.955365124708886,0.5126518381046683,1.0798662267875303,1.008294151831,2.0633162020061633,-0.6992993694676463,0.5084464971652545,1.8882458774397495,1.5811141447555608,1.7448512049010714,-1.5509421456603045,-1.3861137725322175,-1.383690862311789,0.2375922068212689,1.7885440054495492,0.24709743739904458,0.8307101364372749,0.8632885749825675,0.7414692097744445,0.5977969085638389,1.3106440049256491,1.3673745181979802,-0.19261101197749078,-0.35682476232411325,0.5499603702905819,0.09663486656810287
62,2025-05-05,563.53,23.63999938964844,-0.0054683142943501295,0.022594660447791348,0.09203621655718663,-0.016316044896954374,0.1624985871981218,0.26202295640710954,0.23618950071095984,0.23204172990338848,1.0008912046678238,1.0187822422928432,-0.13737952591820787,0.005299999999999999,0.0075,0.12102083971010336,0.24451869266442236,0.1809607706637088,0.2705446420594006,0.23695436412938312,0.4978117295783089,0.36072456483635756,0.012004798424073648,8.899999618530273,0.029999732971191406,-3.6000003814697266,-1.0275093887229962,0.6741585119069974,-0.48353807241804225,0.7625639971101703,2.6208073565462215,-0.5280207050281349,0.5166345868507354,1.8647314614082482,1.4779009668260132,1.6803275928555141,-1.4306036659206811,-1.2632511972970957,-1.383690862311789,0.49794773884697424,1.7885440054495492,0.23557293253595038,0.8745768405547275,0.8994787586464111,0.7115784562384968,0.5942265559875052,1.3674707752346538,1.4087109836871052,-0.019070041034116598,-0.3531337989725882,0.5172939967381395,0.2019603180304371
63,2025-05-06,558.8,24.76000022888184,-0.00842894336667488,0.008374264979478241,0.05870493731548443,-0.03005558273210962,0.14905914542471826,0.2622836719896309,0.22953701263477147,0.22876529119366587,1.0786931460277733,1.082332031213632,-0.13664488320355953,0.005199999999999996,0.0075,0.11921590146210155,0.22664051686570857,0.17459952299115913,0.2664186387375534,0.2288900057074165,0.4627016016998932,0.3484195632125477,-0.008266521561721696,9.100000381469728,0.310000419616701,-2.929999351501463,-1.137943812278575,0.8625832855616175,-0.7152699734776425,0.20175281478260898,1.6103570059200718,-0.7198438723209839,0.3645321719823576,1.8682803715622611,1.389194610117632,1.624050948738516,-1.2989515277390138,-1.1261341914606058,-1.3701206402170985,0.41116256150507047,1.7885440054495492,0.2233644331803447,0.7912147723020598,0.845901877297149,0.6913468486103511,0.5439012119763205,1.25434023089952,1.3396170401003438,-0.26075072311629566,-0.3383696639640348,0.5588694327520642,0.27624268221049586
64,2025-05-07,561.23,23.549999237060547,0.0043391762948497,0.012334547459295742,0.04709799514162327,0.0008556302773383706,0.14961209222128877,0.2580699261639215,0.22209883364227384,0.22502628379550893,1.0603387172663696,1.0465443787207296,-0.13664488320355953,0.004799999999999999,0.0075,0.15555819777277402,0.22968749632399893,0.17712197852727374,0.346142860355042,0.23243442691919214,0.4654334217414532,0.35254918316314166,0.028804227012861006,8.399999618530273,-0.9500007629394549,-2.65000057220459,-1.0812090027140797,0.6590172211273739,0.28410568954597715,0.35793487770810944,1.258488159116204,-0.2882800995451268,0.3707902104091135,1.8109220610130017,1.2900116049904238,1.559829149602613,-1.3300098760180425,-1.203350746213604,-1.3701206402170985,0.06402185213746732,1.7885440054495492,0.4691816524571072,0.8054221787190361,0.8671469707008199,1.0822697452749734,0.5660200474086933,1.2631425995322272,1.3628053123675328,0.18121772329371238,-0.3900439956927448,0.37178025389889113,0.3072858752257177
65,2025-05-08,564.92,22.479999542236328,0.006553324523206783,0.01150113266828967,0.03307663021608942,0.015700029899520906,0.15097957910466517,0.2579104218529717,0.21542964150546043,0.22160320576282636,1.043496121756603,1.014425737427997,-0.13664488320355953,0.004700000000000003,0.0075,0.14156967603826032,0.1999931012661553,0.16059156338580277,0.3122473394787012,0.2071960197548411,0.3891627005189409,0.31330235120134414,0.0476956567381448,8.199999809265137,-1.1500005722045916,-2.4000005722045916,-0.9950561437457758,0.4790044539532315,0.45740966165824326,0.32506741383519117,0.8334251724086067,-0.08103151620472149,0.3862668991562613,1.808750857959988,1.2010825111131347,1.5010338046268783,-1.3585099837612558,-1.2726509280141303,-1.3701206402170985,-0.02276332520443045,1.7885440054495492,0.374564089351693,0.6669636348830527,0.7279214388117815,0.9160651096435278,0.40852065856945385,1.017385926739231,1.1424300148722082,0.4064469449089522,-0.40480806030068484,0.3420836150351907,0.33500313268410437
66,2025-05-09,564.29,21.899999618530277,-0.0011158244531417338,-0.0041205812961102595,0.024705017636390103,0.009579845343710147,0.13175219259655618,0.2577631800212051,0.20811816094923702,0.21780924184802605,1.0522868123878915,1.0054669596531975,-0.13664488320355953,0.004900000000000002,0.0075,0.14435937630350817,0.1965407017003824,0.15993027411897093,0.31912643145725916,0.2108859308294285,0.3818759485627562,0.3118471404783535,0.034089714746542654,7.949999809265137,-0.5500001907348633,0.04999971389770508,-1.0097651684476814,0.38142742497634946,-0.14286360067348278,-0.2910077085395421,0.5796365672632058,-0.16647785362871478,0.1686587597111654,1.8067465741086026,1.103588942562711,1.4358680634236722,-1.3436348637131792,-1.2919806662445141,-1.3701206402170985,0.1508070294793711,1.7885440054495492,0.39343346282101593,0.6508658421620444,0.7223518055557965,0.9497963209130817,0.43154741835402294,0.993906826404052,1.1342588458894578,0.2442328738368581,-0.42326315866076314,0.43117367323103617,0.6066322874961793
67,2025-05-12,582.84,18.38999938964844,0.032344402397932015,0.033692135396171885,0.05628679584396323,0.055252735250212126,0.1464117296657066,0.26308330078683434,0.22316007349657135,0.22494463357813285,0.8240721156569697,0.817534479357153,-0.13664488320355953,0.004699999999999996,0.0075,0.12785262852009519,0.08072305361121039,0.09961674431611119,0.2886162342804439,0.1614685705747954,0.16690643228685811,0.20061076150154608,0.0978641553977928,9.0600004196167,1.0600004196166992,0.9600000381469727,-0.5766661077804539,-0.20908195277323305,2.476107499274661,1.2002162452856604,1.5370501316160947,0.4711795775307087,0.3345697422255526,1.8791650710128756,1.3041625091319016,1.5584267121903967,-1.7298071399306074,-1.6974696448111941,-1.3701206402170985,-0.022763325204436472,1.7885440054495492,0.28178276236074107,0.11083319042094324,0.21436799540683418,0.8001914151995461,0.12316012641957333,0.3012400700774961,0.5096542884266275,1.004570647933657,-0.34132247688562295,0.6702319346944986,0.707523140593909
68,2025-05-13,586.81,18.21999931335449,0.006788381559426071,0.048909460322272835,0.057283725301751076,0.041794530924054385,0.13944051055888962,0.2608677702309366,0.21651548432034406,0.22155542589301722,0.8415102213381287,0.8223675515919165,-0.13664488320355953,0.004700000000000003,0.0075,0.13583393799833957,0.07728085833794117,0.09597755098053772,0.30459383903213694,0.15545077863114118,0.1594877186690302,0.1931152720637477,0.08316342844477997,13.0,4.699999809265137,4.399999618530273,-0.4839759045001925,-0.23768213303638452,0.4758078508707,1.8003434360297932,1.5672724256020671,0.2832842195578668,0.25567217500502754,1.8490068472108592,1.2155614788261426,1.5002131298127193,-1.7002993428418285,-1.6870416574791156,-1.3701206402170985,-0.02276332520443045,1.7885440054495492,0.33576788441680516,0.09478297810957742,0.18371730554477825,0.8785366333098239,0.08560630826000284,0.27733576779874247,0.4675662871241085,0.8293042262305999,-0.05047015770705848,1.2107111868280782,1.0889125566988151
69,2025-05-14,587.56,18.6200008392334,0.0012772807581340473,0.04584756478555718,0.058182112244852924,0.03558379198894546,0.1241270104768305,0.2605346564949212,0.2091751693881362,0.2177663350740685,0.8901630577711136,0.8550449651871216,-0.13664488320355953,0.004799999999999999,0.0075,0.13164100157053005,0.08181820945944891,0.09577625659880572,0.29512340758379807,0.12793813500462028,0.16715744037990735,0.1914561927452954,0.08858954223881454,10.329999923706056,1.6300001144409197,1.4600000381469744,-0.4664651608074475,-0.17038736473351032,0.044447543849299866,1.6795911503472147,1.5945073659436144,0.19657361632976714,0.08235989151585858,1.8444724396056307,1.1176834236878068,1.435131089696359,-1.6179717063710162,-1.616535851138201,-1.3701206402170985,0.06402185213746732,1.7885440054495492,0.30740710158466206,0.11593966535418199,0.18202192662518876,0.832098945749683,-0.08608537292697255,0.30204885899155304,0.45825037345423175,0.8939959623245849,-0.24757061382474382,0.7548673908572311,0.7629576555106827
70,2025-05-15,590.41,17.829999923706055,0.004838842348984684,0.044133082611335084,0.055634215279624755,0.05100718270132276,0.12299480516523695,0.25999148593434174,0.2025691760553099,0.21427477457188462,0.8801931404824254,0.8321091439405282,-0.13664488320355953,0.004899999999999995,0.0075,0.1371586324411177,0.08287416625264518,0.09992600220769705,0.30327534193364475,0.13478754354898084,0.16129941970106573,0.19628607137447135,0.09625327533796302,10.399999618530272,1.809999465942381,1.6099996566772443,-0.39992433477501604,-0.3032941791579253,0.323215136150421,1.6119769424760269,1.5172669047178415,0.41190572519250274,0.06954602878824238,1.837078698506003,1.0295970424295888,1.375159478687342,-1.6348422484886946,-1.6660228941188437,-1.3701206402170985,0.15080702947936508,1.7885440054495492,0.34472804206703805,0.12086336356910994,0.21697268464654396,0.8720714625683714,-0.04334188073183858,0.28317336328220144,0.485370675566948,0.9853652586504208,-0.2424032088121184,0.781594295032189,0.7795879676925359
71,2025-05-16,594.29,17.239999771118164,0.006550204900255707,0.051799111964732525,0.047678530668622265,0.04699047545592272,0.1246307317743537,0.2595692842553342,0.19665030326575117,0.21105812621424613,0.8766831011605514,0.8168365786407937,-0.13664488320355953,0.004499999999999997,0.0075,0.13368862541032436,0.08700353511794182,0.10271448182207277,0.29604883464063236,0.1479439896822282,0.16837823089718992,0.20156944365925572,0.09473604582792383,10.199999809265137,1.7899999618530273,0.8499994277954084,-0.3093354207378821,-0.40255360943090346,0.4571654851202907,1.9143029217370382,1.2760873134286839,0.35582687340395824,0.08806081474360272,1.831331608856889,0.9506729414061775,1.3199098033812917,-1.6407817427191602,-1.6989754571549234,-1.3701206402170985,-0.19633367988823805,1.7885440054495492,0.3212571124403391,0.14011771776413154,0.2404583354393802,0.8366367213261601,0.038760456859802055,0.30598244465713675,0.5150373946583451,0.967276398964992,-0.2571672734200583,0.7786247019481912,0.6953274796431329
72,2025-05-19,594.94,18.13999938964844,0.0010931444123132295,0.02054785397911374,0.054239989375285624,0.05043201282878229,0.12338242308526341,0.2595427335145557,0.1899798958126054,0.20744542107230324,0.9548378428179363,0.8744468446631034,-0.13664488320355953,0.004900000000000002,0.0075,0.13442380760679315,0.08941906597855588,0.10299479560491051,0.2976041204451144,0.14630144838112216,0.1729325549059947,0.20189963252891588,0.10173636147440934,8.979999542236328,0.049999237060546875,-0.3700008392334002,-0.29415944287083434,-0.2511410225199107,0.030034976645222363,0.6818438822404707,1.4750004185240286,0.40387554921381486,0.07393293880104956,1.830970195117694,0.8617276421207981,1.2578573923383325,-1.5085326154046177,-1.5746737510978215,-1.3701206402170985,0.1508070294793711,1.7885440054495492,0.3262298428823797,0.1513808158976347,0.24281924623184442,0.8442629711595747,0.02851023586198814,0.3206572175881519,0.5168914416410884,1.0507362358882257,-0.3472281731294122,0.5202635898221376,0.5600672336409803
73,2025-05-20,592.83,18.09000015258789,-0.0035528801359463458,0.010206592283741323,0.05911605260601416,0.04951660578927353,0.12386552377831711,0.25957756060389103,0.18381685582892532,0.20402288628213225,0.9841317365053776,0.8866652404658272,-0.13664488320355953,0.0051,0.0075,0.13527897982556242,0.10951004268837813,0.10942058281812089,0.29907138678294776,0.15182879876988284,0.2094438170938383,0.21291971456250203,0.10211619857391252,7.409999847412109,-1.0900001525878906,-1.0900001525878906,-0.34342300179309054,-0.25955270811515213,-0.33361480001942656,0.2740144930323173,1.6228201216154272,0.39109518645434527,0.07940048598619172,1.8314442680894036,0.7795477393627339,1.199071378184323,-1.458963110168552,-1.5483109593868554,-1.3701206402170985,0.3243773841631727,1.7885440054495492,0.3320141789910165,0.24506069636214206,0.2969397044846181,0.8514576228642516,0.06300347081382719,0.43830244462854756,0.5787704197695233,1.0552647663121137,-0.46312616830250775,0.350992677496673,0.4802416082885478
74,2025-05-21,582.96,20.8700008392334,-0.01678910662679378,-0.007859795101186506,0.037987769684370676,0.015454334443896656,0.13235690827095858,0.25947621282294914,0.18454086846915585,0.20370088275364914,1.1309148489632046,1.024541502084361,-0.13664488320355953,0.0058,0.0075,0.17648456726731737,0.2350020735749239,0.16264326265451046,0.38291778172183544,0.23186543055151929,0.4237136432926904,0.3056423731410839,0.07498503371896437,6.0,-2.6000003814697266,-2.0,-0.5738643887896147,0.20814426298658845,-1.3696297322010667,-0.4384714636561292,0.9823082249225339,-0.08446176844848416,0.1755026983163677,1.8300647027968613,0.7892019503571961,1.1935405932124912,-1.2105848529393475,-1.2508248388172634,-1.3701206402170985,0.9318736255564812,1.7885440054495492,0.6107264220757536,0.8302029033586024,0.7452016413667404,1.262593346981572,0.5624692456652772,1.1287146856894166,1.0994183917816958,0.7317989815273719,-0.5672129117892514,0.12678280626743282,0.3793508080572912
75,2025-05-22,583.03,20.280000686645508,0.00012006964053501434,-0.012578567809636176,0.03155451480169891,0.013242711159361598,0.12451691132711581,0.2594428743712927,0.17825509190368294,0.20020158786048234,1.1376954492611888,1.0129790129725822,-0.12659563245068045,0.005400000000000002,0.0075,0.17528198090208977,0.22223723728375128,0.15996007223833753,0.3785140268627427,0.23425340858054416,0.39072181535045164,0.2980802137051397,0.06743573487755317,6.199999809265137,-2.65000057220459,-2.1000003814697266,-0.5722300527116265,0.10888483271361028,-0.04612872411862946,-0.6245661828682251,0.7872816672940454,-0.11533912315925379,0.08677263885220951,1.8296108934446993,0.7053854396291526,1.1334361350461273,-1.19911109647799,-1.2757724258029612,-1.1844922226439618,0.584732916188878,1.7885440054495492,0.6025921964970141,0.7706832316583488,0.7226027768098516,1.240999801497024,0.5773713382452001,1.0224096483895933,1.0569560310738189,0.6417940043224858,-0.5524488471813114,0.11935861115032174,0.36826386278075796
76,2025-05-23,579.16,22.290000915527344,-0.006659865089341466,-0.02578863779923335,0.026010474165499176,0.018155390220215395,0.12507110454503464,0.25889154908783774,0.1733349983151967,0.19727603801612678,1.2859492388833471,1.1298889180704854,-0.1239153439153439,0.0051,0.0075,0.16738241671822476,0.203127706680089,0.15455729970537552,0.3614984539925519,0.259996723849002,0.35863374379823576,0.28853173255812387,0.0640964504592727,5.599999904632568,-3.299999713897705,-3.0999999046325684,-0.6625854901661908,0.44703979198312693,-0.5768021471086298,-1.1455330565394706,0.6192119762356606,-0.04675125152539064,0.0930447837947136,1.8221061487044905,0.6397793728612815,1.0831864151448274,-0.9482442407655755,-1.023523969720226,-1.1349822908402,0.3243773841631727,1.7885440054495492,0.5491599949493714,0.6815796221853098,0.677098542757676,1.1575649695241548,0.7380215882817788,0.9190166612168358,1.003340254507436,0.6019820662522501,-0.5967410762054379,0.022844570244481242,0.25739488581368386
77,2025-05-27,591.06,18.959999084472656,0.020338757182422285,-0.0029901448931779484,0.007216447390563374,0.0614550429934555,0.13690109322440314,0.25894326188902517,0.17282293400652557,0.19544772056931609,1.0970765652987209,0.9700803380691482,-0.12026919330558748,0.0051,0.0075,0.19020669813971525,0.30958966953154343,0.20473363795202829,0.4049127703259633,0.30516175473650975,0.5192162281565105,0.37399673398774747,0.07071981980482622,5.800000190734863,-3.300000190734865,-2.7899999618530273,-0.38474835690797093,-0.11318732509244651,1.536411603141139,-0.24642657314937505,0.049463938463039626,0.5577724695266616,0.22693202973363696,1.8228100732012609,0.6329513472109692,1.0517829373438417,-1.2678441233246018,-1.3683319442058246,-1.067631083813298,0.3243773841631727,1.7885440054495492,0.7035421325847807,1.1779887364851247,1.0997030158364383,1.3704444427060973,1.0198723689338764,1.4364395521003508,1.4832356797948794,0.6809478377085367,-0.5819769763971914,0.022844499442109038,0.29176427871810673
78,2025-05-28,587.71,19.309999465942383,-0.005683906137709194,0.00811505559590664,0.0002552604947201331,0.049815855483736904,0.13652866468753905,0.25892380246001223,0.16780202344696185,0.19247350735146063,1.150760823336901,1.0032549274785085,-0.12026919330558748,0.005099999999999993,0.0075,0.23036941002270384,0.31914060209401407,0.209248638054578,0.49664284099056716,0.2926550073590408,0.5376534627096761,0.3823242523518696,0.10299685645349665,5.360000133514404,-3.039999485015869,-3.049999713897705,-0.4629630120688964,-0.05430456327005047,-0.5004126982134683,0.19153034796056412,-0.16156707803867637,0.39527313078494025,0.22271702729692647,1.8225451877481267,0.5660009554182,1.0006973674253081,-1.177002593744711,-1.2967534158280791,-1.067631083813298,0.32437738416316664,1.7885440054495492,0.97520042487576,1.222522669986695,1.137730088077324,1.820237293710756,0.9418244534893375,1.4958473215125618,1.5299956154421068,1.065764230440157,-0.614457953734966,0.061450271569663775,0.26293835845195046
79,2025-05-29,590.0,19.18000030517578,0.0038889079418309436,0.011883893897202569,-0.0006946739124336077,0.050348156871026895,0.13701428298909693,0.2589475632260037,0.1625041757030213,0.18934930343922016,1.1802773819318653,1.0129427442722245,-0.12026919330558748,0.0051,0.0075,0.22829111098587446,0.315038512583883,0.21087825210884162,0.492700168594538,0.2673768913347808,0.508631373415285,0.3781217391075894,0.10154350464129536,5.300000190734863,-2.8999996185302734,-3.630000114440918,-0.40949687466038254,-0.07617513834881869,0.2488626587970828,0.3401624073474396,-0.19036469927066965,0.4027048027443188,0.22821306780341605,1.8228686238192613,0.4953577965912324,0.9470355329474167,-1.1270563072784987,-1.2758506802815845,-1.067631083813298,0.3243773841631727,1.7885440054495492,0.9611429287370544,1.203395513526655,1.1514553261634206,1.8009046381841796,0.7840772629118016,1.402333428000492,1.5063980392775445,1.048436939591593,-0.618887173117348,0.08223791877425408,0.19863427674065562
80,2025-05-30,589.47,18.56999969482422,-0.0008987088025502743,0.01764505018399376,-0.00814358761523959,0.04301775792753482,0.09363436948371287,0.2586975803959454,0.15699177185262286,0.1861063007458442,1.1828645205849984,0.9978168186892453,-0.07607320883862803,0.005200000000000003,0.0075,0.2278130450900361,0.3112682195111561,0.20976298539752097,0.49663749538141805,0.28557478560718136,0.5025924286209773,0.3759751338905801,0.10440838987948986,5.46999979019165,-2.4800000190734863,-3.0300002098083496,-0.4218711335365884,-0.1787993712139879,-0.1258697047033117,0.5673657137511607,-0.416181338596267,0.30036217959851513,-0.2627440502227207,1.8194658099354761,0.4218536795339841,0.8913331912848018,-1.122678494469412,-1.3084868488930779,-0.2512487622418929,0.41116256150507646,1.7885440054495492,0.9579093182865357,1.1858154521154771,1.1420621197767153,1.8202110818397512,0.8976405796219223,1.382874965355306,1.4943446138249141,1.0825929500999953,-0.6063377358007523,0.14460086038802503,0.26515568406748935
81,2025-06-02,592.65,18.36000061035156,0.0053801774282948855,0.002686470429866361,-0.0003036744633115873,0.15905596706498315,0.09267019827769818,0.21732129295695787,0.14736249082366076,0.18013395574644264,1.2459073206303084,1.019241515808112,-0.05408837440418129,0.005200000000000003,0.0069,0.2224027413031062,0.2821248828513929,0.19756266522333413,0.4813319622464323,0.25498386167203446,0.4399487283718609,0.34865047475739075,0.1120511408028193,6.360000133514404,-2.700000286102295,-2.2400002479553223,-0.3476255802793508,-0.21412883577628408,0.36558606610291944,-0.02255731733093093,-0.17851140292416556,1.920417895503448,-0.2736561677982895,1.2562439065589637,0.29345383454098517,0.78875122230797,-1.016000958178565,-1.2622602544420036,0.15485216279518596,0.41116256150507646,0.5511014610364408,0.9213143320760719,1.04992637444367,1.0393063177638338,1.745161326235584,0.7067389988510591,1.1810267712134026,1.3409136339359795,1.17371209070992,-0.5406375602946527,0.1119344868355826,0.35274221340667383
82,2025-06-03,596.11,17.690000534057617,0.0058212082684345745,0.01419158483601013,0.02230664043191677,0.1667582708834061,0.09320943258547865,0.21754394675373115,0.143406941497778,0.1774756648796401,1.2335525985910323,0.9967564029724622,-0.05408837440418129,0.0049999999999999975,0.0069,0.2731188148214146,0.2792303828261882,0.1960352569038493,0.5560731933598938,0.26984708148110015,0.4363427066224358,0.34631310028639295,0.17323540862108988,6.690000057220459,-6.309999942779541,-2.1600003242492676,-0.2668426827101531,-0.32684715553278904,0.400106065912025,0.4311710495981455,0.5069288541982426,2.0279528309305537,-0.2675533220271503,1.2592747124377552,0.24070930265143742,0.7430919860687608,-1.0369069348763156,-1.3107748349036765,0.15485216279518596,0.2375922068212689,0.5511014610364408,1.2643549605034323,1.036429946655113,1.0264418957954757,2.11165043047972,0.7994923973071107,1.1694075824479986,1.3277890180458227,1.9031690569745756,-0.5162768360913984,-0.4240903048696282,0.3616117273347219
83,2025-06-04,595.9,17.610000610351562,-0.00035234604101042066,0.009950330853168765,0.021834224750371334,0.18200611737416406,0.09098638737640616,0.21575289432260314,0.13852599575569016,0.17442836357292993,1.271241582800765,1.0095835476314996,-0.05408837440418129,0.0050000000000000044,0.0069,0.3974633751850474,0.22097800917451677,0.17807923574658674,0.6986404974513447,0.24608929219069195,0.30576890381285554,0.2973779653261264,0.22924965177265744,6.210000038146973,-4.119999885559084,-2.689999580383301,-0.27174569094412254,-0.3403060450163164,-0.08310525218093387,0.2639082849325087,0.49260739393872643,2.24083409690505,-0.29271288969093967,1.2348945656980423,0.17562524551172523,0.690751043249931,-0.9731317221968458,-1.2830985876816596,0.15485216279518596,0.2375922068212749,0.5511014610364408,2.1054144741754826,0.7648117232466665,0.8752093602036171,2.810720579480338,0.6512327520353592,0.748677545835474,1.0530128288405456,2.570987457585587,-0.5517106263507611,-0.09891179070143476,0.30285122399463993
84,2025-06-05,593.0,18.479999542236328,-0.004878468755207699,0.0059705709005113405,0.0236156210845051,0.08740391147943782,0.09216767315593408,0.14470935070403207,0.13460296301857783,0.1717483378566316,1.372926652415945,1.0759929192247943,-0.046366217043620254,0.004799999999999999,0.0069,0.41489646760900756,0.21692909469333788,0.1764196559334839,0.8105952596970721,0.24743889375586658,0.30333090034140026,0.2954073276695408,0.19493793453437114,6.199999809265137,-4.199999809265135,-2.9000005722045916,-0.3394538998894026,-0.19394066199361076,-0.437370172023255,0.10695808692972077,0.5466110983083303,0.9200549713376462,-0.27934355317047144,0.26783632204903257,0.12331429998706463,0.6447184857010997,-0.8010658765124163,-1.1398116571191468,0.2974948220681686,0.06402185213746732,0.5511014610364408,2.2233309169456175,0.7459325104494899,0.8612317389391706,3.359683981876208,0.6596548929536548,0.7408219019947051,1.0419474806807687,2.161913000107206,-0.5524488471813114,-0.1107904462469144,0.2795686177673307
85,2025-06-06,599.03,16.770000457763672,0.010117281336042616,0.016087852236553957,0.03373290242054772,0.1324850096411021,0.09671497170093848,0.13178434941115938,0.13350349149391424,0.17017614806953024,1.2561469569152155,0.9854495267404818,-0.046366217043620254,0.004700000000000003,0.0069,0.36934550040186115,0.13629544491045384,0.1432161560854681,0.7314576965167756,0.27909454299717223,0.18049184434985188,0.23353472542858772,0.21440211777378515,6.53000020980835,-3.669999599456787,-1.8699994087219238,-0.1986675205997336,-0.48162454503597224,0.7363647307862583,0.505954339927718,0.853320312774879,1.5494501619301368,-0.22787898332565784,0.09189874330782666,0.10865360279519584,0.6177142982366642,-0.9986740125066853,-1.3351709035708024,0.2974948220681686,-0.02276332520443045,0.5511014610364408,1.9152267729887182,0.3699552355674489,0.5815790570582333,2.971637729360213,0.8572008544062967,0.34501447804963054,0.6945259833499196,2.393970758791416,-0.5280880877777504,-0.032094247054550565,0.393763847490079
86,2025-06-09,599.56,17.15999984741211,0.0008843725286267201,0.011592047336885791,0.014278517766752152,0.11583766778710913,0.08162924647322921,0.12801945979638835,0.1289830818900766,0.16726329580528154,1.3304070267166044,1.0259274017527917,-0.046366217043620254,0.004800000000000006,0.0069,0.42504185905876063,0.1346812257095042,0.14290177604331286,0.5764436821959796,0.27033043887134195,0.1782453418097621,0.2329214437551812,0.13037734549748947,7.489999771118164,-1.489999771118164,-0.7100000381469727,-0.18629326172352778,-0.4160124989144309,0.013694157071873972,0.3286528248668266,0.2635532758695229,1.3170299830454475,-0.3986133989258892,0.040650348971805174,0.048377047287896574,0.5676826740362546,-0.8730152333042246,-1.2478345784851341,0.2974948220681686,0.06402185213747334,0.5511014610364408,2.2919537660174902,0.3624284804488416,0.5789312270908811,2.211535889888585,0.8025087720354471,0.3377758813663397,0.6910823389977602,1.392202532066926,-0.45722054245933175,0.2915993997692721,0.5223718523132493
87,2025-06-10,603.06,16.950000762939453,0.005820641402308091,0.011591480470759308,0.025783065306769437,0.11235678353179246,0.08359111562733831,0.12736184736180634,0.12580363019764254,0.16485950438052696,1.3473379692072736,1.0281482300113947,-0.04414937142006994,0.0046,0.0069,0.2659046835839509,0.14553686466606253,0.14777887833170952,0.3579508540560983,0.2783432441289156,0.19065772031939066,0.23969961420971664,0.1380695959703182,7.510000228881836,0.10000038146972656,-0.4399995803833008,-0.10457645782405119,-0.45134196347672645,0.40006169663714214,0.32863046930974504,0.6123179905781446,1.2684319697173587,-0.37640972104796455,0.03169880329155297,0.005981243983019591,0.5263947616022513,-0.8443656296906716,-1.2430428501966853,0.3384440983100499,-0.10954850254633425,0.5511014610364408,1.2155589883080766,0.4130459777713613,0.620008063599105,1.1401695278976482,0.852512400344379,0.3777705843805447,0.7291425149591285,1.483911820969815,-0.45574410079823113,0.5276879265439925,0.5523065411201212
88,2025-06-11,601.4,17.260000228881836,-0.0027564237102746247,0.009187402801495104,0.01913773365466387,0.11192229196837644,0.08145960864408967,0.12738948134749173,0.12179850795497832,0.1621343026871599,1.4170945538398412,1.0645495704992927,-0.02652368306047683,0.004700000000000003,0.0069,0.24532684803397664,0.13281370514828963,0.14351402249028158,0.3256309585291551,0.30362450193143725,0.17446485142555032,0.23262706949382342,0.12018240003087222,7.860000133514404,1.8600001335144043,-1.200000286102295,-0.14333357053065934,-0.39918880683871244,-0.27127522382688507,0.2338206137672901,0.41086224538442356,1.2623658597174119,-0.4005332944022188,0.032074962366688865,-0.0474243086838266,0.4795862541244343,-0.7263273987853508,-1.164502183093031,0.6640234593277015,-0.02276332520443045,0.5511014610364408,1.0763716824100804,0.3537206358544044,0.5840878028027969,0.9816908758273841,1.010279197078233,0.32559452627413726,0.689429394997469,1.2706553720453184,-0.42990697013418283,0.7890185609516723,0.46804600020424514
89,2025-06-12,603.72,18.020000457763672,0.003850243736798653,0.017916115293501456,0.023886686194012796,0.13832274132595224,0.08232592729158249,0.12104950257333755,0.11821360732112172,0.15956111243677057,1.5243592396950703,1.1293478832384347,-0.02652368306047683,0.0046,0.0069,0.23336901194536502,0.13885512741417103,0.1464371626728713,0.30347205400385513,0.31819792144822184,0.17148383347502819,0.23039816255518905,0.10995491040095384,6.900000095367432,0.7000002861022949,-6.099999904632568,-0.0891670033744337,-0.271329196302584,0.24583636623688193,0.5780557360426992,0.5548285397379975,1.630953062175334,-0.39072863431656457,-0.05422603594813679,-0.09522649498600623,0.4353887199124332,-0.5448200353778975,-1.0246913233414396,0.6640234593277015,-0.10954850254633425,0.5511014610364408,0.9954895611830128,0.38189048164526085,0.6087076168379729,0.873036028301788,1.1012241070420243,0.315989201435013,0.6769138362851361,1.1487202108678947,-0.5007745506529081,0.6167779139374658,-0.07521220368695794
90,2025-06-13,596.95,20.81999969482422,-0.011277156499829744,-0.003478322542370904,0.012609529694183053,0.12579097492122138,0.06352505190381012,0.12269354735036653,0.11907912349818123,0.1586599730993235,1.748417277789437,1.3122402133391633,-0.02652368306047683,0.004499999999999997,0.0069,0.2659145060320439,0.22093760278522775,0.17467098967725378,0.3469890528255436,0.3284265546894817,0.27365832206678303,0.27301030034956275,0.11421896126651543,6.599999904632568,1.0,-3.730000019073488,-0.247230649774278,0.1997322565061109,-0.9382029474657124,-0.26567888474927653,0.2129572705110384,1.455992073503736,-0.6035096855190668,-0.03184698538880672,-0.08368543157336725,0.41991060410246905,-0.16568142679945538,-0.6300771299704956,0.6640234593277015,-0.19633367988823805,0.5511014610364408,1.2156254267867042,0.7646233169898047,0.8465037972912157,1.0864189988517776,1.165055531650891,0.6452120271557704,0.9161856978327803,1.1995574884770566,-0.5229206827651247,0.6613228722330164,0.1875473843305953
91,2025-06-16,602.71,19.11000061035156,0.009602794562609596,0.005240099491611971,0.016832146828497763,0.13539376948383097,0.06788833912330068,0.12388669040283624,0.11856535307939088,0.15727814509026083,1.6117693840590666,1.2150448874752728,-0.02652368306047683,0.004900000000000002,0.0069,0.3048654401178384,0.1497039919119935,0.14784677790725184,0.3692999702461126,0.31312791944417184,0.18072762634316222,0.22770618915207194,0.16206484549085332,6.519999980926514,0.7199997901916504,-3.879999637603758,-0.11274813821399672,-0.08795162653625115,0.696095249143954,0.07815041168649983,0.3409675077715986,1.5900605181605214,-0.5541276848349141,-0.015605694963623525,-0.09053620702962985,0.39617610149567256,-0.39690942796711365,-0.8397887952660343,0.6640234593277015,0.1508070294793711,0.5511014610364408,1.4790873231774029,0.4324763911314223,0.6205799400123115,1.19581923241117,1.0695849385377816,0.3457742059930887,0.6617981082146795,1.769990294148604,-0.5288263086083007,0.619747507021464,0.1709170721487421
92,2025-06-17,597.55,21.600000381469727,-0.00859819004111717,-0.00917873195181329,0.0024127485189460174,0.15065360812059492,0.07191437270577092,0.11733602884973977,0.11738715663441043,0.15566390884785752,1.8400650463611268,1.3876049073508165,-0.02652368306047683,0.004500000000000004,0.0069,0.2525179567050444,0.05003872672767802,0.10950463954236024,0.3063340084533852,0.27676487650392356,0.05845736537196233,0.1648722767422722,0.13124408576216684,6.5,1.1399998664855957,-3.6999998092651367,-0.23322205482008412,0.3309566696344304,-0.7285171086838543,-0.4904865103729095,-0.09616201168217035,1.8031092112680924,-0.508562590647239,-0.10477454738303757,-0.10624664693181823,0.3684497172770638,-0.010600146292325925,-0.46746791656238174,0.6640234593277015,-0.19633367988823203,0.5511014610364408,1.125011931279544,-0.03224119148194702,0.29764766263575454,0.8870694487709202,0.8426626529066319,-0.048200467855205445,0.30897874807923315,1.4025360662670718,-0.5303027150690948,0.6821105194376068,0.1908734784868501
93,2025-06-18,597.46,20.13999938964844,-0.00015062635487606002,-0.006572934596414726,0.002614468205080378,0.12560064589069153,0.0718621147301064,0.1085786247622729,0.1133894169159704,0.1529900345243214,1.7761798179607546,1.3164255732256018,-0.02652368306047683,0.004400000000000001,0.0069,0.25087421155890605,0.04870409537958784,0.10885369580170999,0.3042075061105483,0.27688168099889104,0.05688326485617599,0.16381891893525008,0.12936077371962806,7.699999809265137,2.3999996185302734,-1.2799997329711914,-0.23532334406321162,0.08533153545351044,-0.06731641636018845,-0.38772141505306357,-0.09004680301872237,1.4533348140018483,-0.5091540262461814,-0.2239819993820475,-0.15955375871162497,0.3225228170507012,-0.11870319321015951,-0.6210466669945773,0.6640234593277015,-0.2831188572301358,0.5511014610364408,1.11389373287047,-0.03846428889324148,0.2921651633914067,0.8766422732054513,0.8433915672335645,-0.053272475818429074,0.30306402761676426,1.3800826621802489,-0.44171825702084144,0.8691994858836636,0.45917653914267015
94,2025-06-20,594.23,20.6200008392334,-0.005420886152823989,-0.0045669079862076245,-0.008045230528578529,0.08365895182041605,0.07189139077043444,0.09859623462325255,0.10703506632101076,0.14823176964869855,1.9264715338608367,1.3910648768547869,-0.02652368306047683,0.004799999999999999,0.0069,0.14378259462456947,0.05892340498480881,0.11181412974533769,0.16995815909963743,0.2763212451333462,0.06958419648076557,0.16879239761876882,0.13201218937627157,6.690000057220459,1.2200002670288086,-0.7199997901916504,-0.3107362802333004,0.1660851932399108,-0.4798258162957492,-0.30860953960926146,-0.4131996062726276,0.8677700959803823,-0.5088226913212078,-0.3598641947732235,-0.24428465699676216,0.24079408572262137,0.13561212853350738,-0.4600025784908216,0.6640234593277015,0.06402185213746732,0.5511014610364408,0.3895321444443657,0.009186142246766638,0.3170990798657665,0.2183587234375989,0.8398941870014404,-0.01234800772110659,0.33099065989969517,1.4116936250987955,-0.5162768360913984,0.693989245785459,0.5212631895054799
95,2025-06-23,600.13,19.82999992370605,0.009879848608790986,-0.004289853940026234,0.0009502455515857378,0.08628301230264945,0.07601520114691009,0.09932108071963153,0.1075417185357472,0.14720644871991206,1.8439355622826965,1.3470877190602126,-0.02652368306047683,0.0050000000000000044,0.0069,0.12196442272830928,0.07788479623946819,0.11893955443837034,0.13645895756761448,0.31321346046782383,0.09418605263334023,0.18053338181212422,0.11932349313079182,6.889999866485596,0.5299997329711914,0.8899998664855957,-0.17298509651704042,0.03317837881549524,0.7177805934574364,-0.2976833310130352,-0.1404983428936066,0.9044056508956343,-0.46215099711717306,-0.34999745168614504,-0.23752879789971684,0.22318300670447838,-0.004050673515247508,-0.5548890652029481,0.6640234593277015,0.2375922068212749,0.5511014610364408,0.24195527424901486,0.09759900996508082,0.377112154814741,0.054097415730109524,1.0701187542757613,0.0669231754495605,0.3969175833012367,1.2604152295384676,-0.5015127714834584,0.5915356646997625,0.6997622894736303
96,2025-06-24,606.77,17.479999542236328,0.011003508154629138,0.015311844255720075,0.006133112303906785,0.0965238962669197,0.08328267662798744,0.10123791486187748,0.10898269917311774,0.1465750606531971,1.6039242627372947,1.192563009309937,-0.02652368306047683,0.005499999999999998,0.0069,0.10266354441039573,0.12497244325085778,0.13666419365553517,0.11395556499560987,0.3230617727358884,0.1525133169183546,0.20706255084519415,0.11681278841815246,7.489999771118164,0.7999997138977051,1.2899999618530273,-0.01795664569060516,-0.3621769409803213,0.8057307406524647,0.47535083426595187,0.016622225121651006,1.047382716170601,-0.37990051459667407,-0.32390514034369294,-0.21831431138511642,0.2123381825895641,-0.41018450797478967,-0.8882963965021918,0.6640234593277015,0.6715180935307759,0.5511014610364408,0.11140523423089485,0.31715852701062724,0.5263959024660714,-0.05624660808785933,1.1315767992790555,0.2548631106441413,0.5458817983914468,1.230481864178796,-0.45722054245933175,0.6316261625669441,0.7441099119803438
97,2025-06-25,607.08,16.760000228881836,0.0005107715232348653,0.015973242133831,0.009400307537416275,0.09124321568851634,0.08191890188693758,0.1007121455564186,0.10528146721040414,0.14406112197276785,1.5919231250251398,1.1633950922616034,-0.02652368306047683,0.005499999999999998,0.0069,0.04262356368614786,0.12450935198926075,0.13637192590774044,0.04594227475330336,0.3116078578985453,0.15204219832348623,0.20660224305641292,0.10597177334086005,7.360000133514404,1.1500000953674316,1.760000228881836,-0.010718871630935852,-0.4833069463320677,-0.01554803068697679,0.5014344496505477,0.11566848570241209,0.9736570285845657,-0.39533519074971846,-0.33106201224512105,-0.2676676960112564,0.16915836297912798,-0.43049216884803326,-0.9512300036797021,0.6640234593277015,0.6715180935307759,0.5511014610364408,-0.2947017707007354,0.3149992325842214,0.5239343107702495,-0.3897456613715821,1.0600990481297539,0.25334508988191484,0.5432971193021685,1.1012320708659202,-0.46681716685433944,0.6835953867819778,0.7962183856073359
98,2025-06-26,611.89,16.59000015258789,0.007891949703478396,0.023865191837309396,0.013442013504096018,0.09875627157696254,0.07954317707413908,0.10169164297200634,0.10440695730862151,0.14258665777416982,1.5889745837098497,1.1635029820856941,-0.02652368306047683,0.005600000000000001,0.0069,0.0400025030736502,0.14328094562121974,0.1442019464440939,0.043407054816560514,0.3144394979012163,0.17573979796420486,0.21830390088257454,0.10893188456250957,7.159999847412109,0.9600000381469727,1.359999656677246,0.1015833645852007,-0.511907126595218,0.562185420543504,0.8126700727342696,0.23819433241668247,1.078549798185768,-0.4222227272398494,-0.3177289069109804,-0.2793286845623233,0.14383272611568673,-0.43548152723536465,-0.9509972172316152,0.6640234593277015,0.7583032708726796,0.5511014610364408,-0.3124304751780805,0.4025271150246259,0.5898817636651862,-0.4021769589276565,1.0777697975922385,0.3297026114516012,0.6090032208071001,1.1365233937589865,-0.4815812666625861,0.6553835444602764,0.7518707102341493
99,2025-06-27,614.86,16.31999969482422,0.004842071820336358,0.03412814981046974,0.02956124182426212,0.09621160408308604,0.08089523792374625,0.1012023131579736,0.10188822010808743,0.1405184204067861,1.6017553037545713,1.161413546179891,-0.02652368306047683,0.005600000000000001,0.0069,0.0391959849041238,0.12035472025036492,0.13553525269485814,0.042582380151624355,0.3699800798352203,0.14330769371332547,0.20306957240458137,0.12567913436487022,6.920000076293945,0.3899998664855957,1.559999942779541,0.17092590960847148,-0.5573309989340867,0.32346791065119734,1.2174113900858947,0.7268548422586383,1.0430226804443268,-0.40692062438902826,-0.32438975751640964,-0.31291431418035665,0.10830834474137911,-0.4138547002953487,-0.9555054492833077,0.6640234593277015,0.7583032708726796,0.5511014610364408,-0.3178857180728709,0.2956270830717723,0.5168875262773052,-0.4062207012468923,1.4243688382296853,0.22520109495067756,0.5234607832990951,1.3361890671375005,-0.4992981441921141,0.5707480174951722,0.7740445479207426
100,2025-06-30,617.88,16.729999542236328,0.004899664230390677,0.029147965432069434,0.0248581114920432,0.08660537880221852,0.0803090238018201,0.09821994896195846,0.09950596448123539,0.13850055650866194,1.681306204050837,1.207937351586744,-0.02652368306047683,0.005200000000000003,0.0069,0.037420674465810856,0.13566128073109476,0.141893662779716,0.04040565340245246,0.36816301745620333,0.15476552286762976,0.20834703959003883,0.12334415280189415,6.800000190734863,-0.6899995803833008,1.5,0.24143583754459086,-0.4883541502203543,0.3279757359621242,1.0210073522598468,0.5842776654641364,0.90890633816171,-0.4135551695642132,-0.36498626684602264,-0.34468005580753514,0.07364918626718113,-0.27924307062114023,-0.8551242362873289,0.6640234593277015,0.41116256150507646,0.5511014610364408,-0.3298938166137147,0.3669982651137334,0.5704405083686059,-0.41689414914979384,1.4130295246068278,0.2621200846397548,0.5530943446053701,1.30835072522465,-0.508156582956878,0.4103860968288178,0.7673924124747066
101,2025-07-01,617.56,16.829999923706055,-0.0005180340723240917,0.017626423205116204,0.03293826746083628,0.09155565902424456,0.07987105483142125,0.09773746199632145,0.0961289524418471,0.13612569919855638,1.750773257816089,1.236357280277943,-0.02652368306047683,0.004799999999999999,0.0065,0.02844968958171952,0.13151640309838536,0.14025412052305586,0.031078201772291116,0.36898265606919023,0.15054347355828043,0.20590591718421716,0.11184478949434418,6.71999979019165,-0.7900004386901855,1.25,0.2339645869023518,-0.47153045814463584,-0.09607384822629758,0.5666311196907642,0.829230653094022,0.978019174602722,-0.4185119333315086,-0.3715539712960931,-0.3897101905697027,0.03285825089187007,-0.16169476782153783,-0.7938045121088431,0.6640234593277015,0.06402185213746732,-0.2738602352389655,-0.3905730466637323,0.34767159688946553,0.5566316511327465,-0.4626307438230739,1.4181444504329244,0.2485159548504668,0.5393871725990002,1.1712519092804048,-0.5140622440003607,0.39553763579222373,0.7396751550163198
102,2025-07-02,620.38,16.639999389648438,0.0045559637427459165,0.021671615424627255,0.037644857558458256,0.10454056613366536,0.0802257266612525,0.0969131649181129,0.09385207107178407,0.13414076279296347,1.7730028969654916,1.2404879056287363,-0.02652368306047683,0.005199999999999996,0.0065,0.032626932669206764,0.10931839128818903,0.13190845366529552,0.03542447768149564,0.3638021868602678,0.12106365374824267,0.1914554812841151,0.11030426036066032,6.889999866485596,-0.9700002670288086,0.5299997329711914,0.2998049831870741,-0.5034954409999771,0.30107389670723506,0.7261617766560557,0.9719127139867085,1.1593066413732072,-0.41449789445156954,-0.38277446008501376,-0.4200708388989219,-0.0012353396156976498,-0.12407900304921719,-0.784892146073465,0.6640234593277015,0.41116256150507047,-0.2738602352389655,-0.3623184126903792,0.2441670673206135,0.4863412260407964,-0.441319042891306,1.3858159152368419,0.15352717914562228,0.4582463785211014,1.1528852645795626,-0.5015127714834584,0.36881066081489333,0.6598494239309408
103,2025-07-03,625.34,16.3799991607666,0.007963308305570571,0.02174297402671943,0.04560816586402883,0.10816469814438623,0.07632753846631955,0.09764431144677772,0.0937411581956808,0.13292955938803258,1.7473647089546331,1.2322315093930314,-0.02652368306047683,0.004699999999999996,0.0065,0.068356294442423,0.05943758854093908,0.11419246253719026,0.07378351579456584,0.40186468514355833,0.06441415658077557,0.1641949755775632,0.09986798475818937,6.800000190734863,-0.09999990463256836,0.1100001335144043,0.4156093681417618,-0.5472369120427503,0.5677707418099708,0.7289759531040826,1.213323420463301,1.20990459374429,-0.45861608388664643,-0.37282195431394966,-0.4215497858791331,-0.022039166273686007,-0.16746252551322907,-0.8027064039972894,0.6640234593277015,-0.022763325204436472,-0.2738602352389655,-0.12064704766311644,0.01158366899575489,0.33713031593098186,-0.2532278205727353,1.6233435919350954,-0.029006717428620835,0.30517562721047203,1.0284608951862428,-0.508156582956878,0.49799121687792014,0.6132844758086884
104,2025-07-07,620.78,17.790000915527344,-0.0073187499668412315,0.0046824880091511645,0.0338304534412206,0.09540844810747995,0.0689083208732606,0.09779732005573756,0.09016951727698073,0.12935005928826218,1.9729506658974796,1.3753376699953077,-0.02652368306047683,0.0049999999999999975,0.0065,0.08511533905421437,0.1545732091435385,0.14165203443646057,0.09128514570561291,0.5528797527945608,0.16656815496764688,0.20105460801403027,0.10200586780842347,6.75,0.15000009536743164,0.5399999618530273,0.3091440464898709,-0.3100234634570706,-0.628373837284107,0.05615983094244932,0.8562776089028814,1.0318094995557574,-0.5425839250637605,-0.3707391719933167,-0.4691751629921708,-0.08352124211223977,0.21426154275753354,-0.49393609033034636,0.6640234593277015,0.2375922068212689,-0.2738602352389655,-0.007289825846729403,0.4551804982933131,0.5684054212687782,-0.167409637310876,2.5657477898571024,0.3001500855183079,0.5121465356308395,1.0539493702413731,-0.5118476167090164,0.5351120508587317,0.6609581396051833
105,2025-07-08,620.31,16.809999465942383,-0.000757398774413609,0.004443123307061647,0.02206954651217785,0.062306646935134324,0.06894657499783086,0.07892018940260037,0.08712755879215041,0.12713820078852928,1.9293550397806907,1.322183211787202,-0.02652368306047683,0.005200000000000003,0.0065,0.10247892735074944,0.15686878010634978,0.1425214351926177,0.10809887446254547,0.6231628700444857,0.1696776291801503,0.20238214961913878,0.11427408595564881,7.050000190734863,0.5300002098083496,0.8500003814697266,0.2981706471090834,-0.4748952607368269,-0.11480920348585183,0.04671998084225863,0.499741262249123,0.5696620517914978,-0.5421509796465389,-0.6276982689742805,-0.5097375888630722,-0.12151248341251268,0.14049143762493438,-0.6086238065309592,0.6640234593277015,0.41116256150507646,-0.2738602352389655,0.110156494970025,0.4658842493602694,0.5757278497537738,-0.08496453573397345,3.0043471016320296,0.3101693173329785,0.5196008284116678,1.2002147013511397,-0.48970148459679974,0.5915357355021345,0.6953275853760794
106,2025-07-09,624.02,15.9399995803833,0.005963066057059763,0.005850225621375493,0.02752184104600275,0.061481331432768016,0.0713720713016134,0.07870717774090005,0.08603449720986946,0.12560182762682512,1.8527451310024907,1.2690897801059506,-0.02652368306047683,0.004799999999999999,0.0065,0.11101835206855566,0.19077431825581737,0.1541640480795726,0.11518910825016325,0.5834814731426836,0.1945753404571125,0.2133656823912439,0.10970873181146157,7.449999809265137,0.9499998092651367,0.9199995994567871,0.38479045924252947,-0.6212608042021509,0.41120944098373347,0.102212017917076,0.6650296354756603,0.5581394929122088,-0.5147001486313889,-0.6305978242744305,-0.5243128138783716,-0.14790147869436016,0.010856390989138699,-0.723179849994637,0.6640234593277015,0.06402185213746732,-0.2738602352389655,0.16791667667153,0.6239784429279757,0.673786425893092,-0.05019800337968451,2.7567167452619623,0.3903937938491499,0.5812745783988872,1.145785196795589,-0.46017335538091975,0.6538986771159054,0.7030883307634118
107,2025-07-10,625.84,15.779999732971191,0.0029123282389775795,0.0007992455547825017,0.022542219581501932,0.06311637891361155,0.06995632966581551,0.07884589563625038,0.08356051756080725,0.12360077499297646,1.888451650803627,1.2766910024526854,-0.02652368306047683,0.004899999999999995,0.0065,0.13166056828714717,0.19096912565392252,0.15432349701944725,0.1396336605182258,0.4742572760594569,0.19480703851874903,0.2136058249762095,0.09416618263501597,7.699999809265137,0.0,0.21000003814697266,0.42728319727025843,-0.6481785831692056,0.17242462297764452,-0.09698399666429501,0.5140705253166051,0.5809670428787799,-0.5307229660419093,-0.6287095698686479,-0.5573016323062475,-0.1822718841593893,0.07127698714235389,-0.7067792156796938,0.6640234593277015,0.15080702947936508,-0.2738602352389655,0.3075394497397726,0.6248867877054186,0.6751293663621125,0.06966437955017965,2.0751069996452296,0.39114036270031177,0.5826230055446656,0.9604823211618687,-0.44171825702084144,0.5128395363097703,0.6243713682187485
108,2025-07-11,623.61,16.399999618530273,-0.003569574401315556,-0.0027703288465330544,0.014130573359850018,0.05470796216331131,0.06388712900189901,0.07862966865930733,0.0814193615124796,0.12171654096990624,2.0142628625276746,1.3473928430635476,-0.02652368306047683,0.005299999999999999,0.0065,0.1585265527792078,0.25639065604263467,0.1737726902980665,0.16268403166783338,0.30289944697726384,0.23848866184207584,0.22984137148539482,0.10709765953526418,7.0,0.309999942779541,-0.5100002288818359,0.3752179193571629,-0.5438721094505593,-0.33492147970009417,-0.23775766536209275,0.25906828515724306,0.463573783199124,-0.5994118366711451,-0.6316528926521333,-0.5858524767446018,-0.21463579416777778,0.2841677549198231,-0.5542307201406493,0.6640234593277015,0.49794773884697424,-0.2738602352389655,0.4892594364053253,0.9299332389127133,0.8389379734572346,0.18269047972627186,1.0057545172355813,0.5318896599151539,0.673787392913399,1.114655219610115,-0.4933925183489381,0.5588693619496921,0.5445456371333696
109,2025-07-14,624.74,17.200000762939453,0.0018103902088872914,0.006358811329195468,0.011041299338346633,0.04996814747194289,0.05435121009521553,0.0778215500422722,0.07883268117100238,0.11968803707832679,2.18183632821387,1.4370693331434077,-0.02652368306047683,0.005299999999999999,0.0065,0.32303795638257704,0.2562486290744703,0.17354691943914144,0.2763222921004307,0.2848121860199041,0.23806772298670384,0.22935391229539953,0.06931559309934787,5.5,-1.3899998664855957,-2.3600001335144043,0.40160077318756526,-0.4092828937300488,0.08617464423168028,0.12226916420059313,0.16541577348577882,0.39739933996908405,-0.7073356863481436,-0.642653157146904,-0.6203440814545653,-0.2494777068999185,0.5677262969622779,-0.3607419293438367,0.6640234593277015,0.49794773884697424,-0.2738602352389655,1.602005186629745,0.9292709978682613,0.8370364442064642,0.7399088136145857,0.8928816038219409,0.5305333264376755,0.6710502557065893,0.664206230935232,-0.604123108509408,0.30644771920112235,0.3394379425146017
110,2025-07-15,622.12,17.3799991607666,-0.004202563008037785,0.0029136470955712923,0.0073567704026329395,0.04467244005159188,0.05586235853412726,0.07815836394214032,0.07718099636837145,0.11797403557475307,2.2518495456854293,1.4732054452569725,-0.023058887033382373,0.005499999999999998,0.0065,0.3480263539405888,0.2898428828619815,0.18565422945248392,0.29622839787656496,0.28393284384939493,0.26970137561998553,0.24382714296974733,0.061290952959876854,6.96999979019165,-0.5199999809265137,0.06999969482421875,0.3404299085542427,-0.37900063305603976,-0.3844662384663893,-0.013598128061187726,0.05371788370523756,0.3234638566496412,-0.6902330915634464,-0.6380683822067377,-0.6423681632107463,-0.278917675468958,0.6861987877509682,-0.28277352724954036,0.7280247087282072,0.6715180935307759,-0.2738602352389655,1.7710252823711585,1.0859137397599379,0.939008878771897,0.8375171987883551,0.8873941000530269,0.6324621019210528,0.7523190449602678,0.5685340939589336,-0.4956071456402824,0.43562820446177725,0.6088496659781912
111,2025-07-16,624.18,17.15999984741211,0.0033057881344999984,0.00025636917301152806,0.006106594794387021,0.05153110832203822,0.051274417411918474,0.0781237664459261,0.07520675099851032,0.11616222061357705,2.281710035280212,1.477244473872123,-0.01571920757967271,0.0058,0.0065,0.351331707427485,0.2938159686878941,0.18676939974446902,0.30179028471020425,0.2897290973030524,0.27299339339086437,0.24516870110765165,0.05525053315472661,5.900000095367432,-1.4600000381469727,-0.6999998092651367,0.3885260845636476,-0.4160124989144309,0.20322118929945243,-0.11839346774385028,0.015818336780082244,0.41922045973432703,-0.7421576384105409,-0.6385393299131642,-0.6686933684577302,-0.3100377038929259,0.7367270552156184,-0.27405879318665216,0.8636022871955225,0.9318736255564812,-0.2738602352389655,1.7933825048187937,1.1044393799327603,0.9484012730777707,0.8647895743326294,0.9235654150874341,0.64306951878009,0.7598520421213053,0.4965184196173331,-0.5745949440932213,0.29605386019764124,0.5234805679874919
112,2025-07-17,627.98,16.520000457763672,0.006069530516451316,0.0034135714504852643,0.004212817005267766,0.07438974546528332,0.05250962962756682,0.07294891957653418,0.07488568467220585,0.1149007030379777,2.20602916699981,1.4377632182375228,-0.01571920757967271,0.005599999999999994,0.0065,0.34169546772249637,0.29376869762288954,0.1866445914196533,0.2987107200989682,0.3305945683638148,0.2767155777933447,0.24576713843505965,0.06546824326826783,6.199999809265137,-0.9600000381469727,-0.32000017166137695,0.4772471859402238,-0.5236836147826499,0.41954253877052067,0.006117439566897801,-0.04159225394904338,0.7383590093291934,-0.7281779832996537,-0.708980330879205,-0.6729745672726751,-0.3317057349287799,0.6086640794800411,-0.35924478123185427,0.8636022871955225,0.7583032708726736,-0.2738602352389655,1.7282035291064357,1.1042189651772698,0.9473500892292143,0.8496891156029556,1.178584944441445,0.6550630025129481,0.7632123338306646,0.6183369865034073,-0.5524488471813114,0.3702955281592643,0.5656107591457202
113,2025-07-18,627.58,16.40999984741211,-0.0006371659076949143,0.006345979944105906,0.0035756510975728517,0.07363250991705339,0.05031270724256837,0.0729574817408531,0.07235998114714715,0.11293498235551078,2.2678280987997588,1.4530484270812274,-0.01571920757967271,0.005600000000000001,0.0065,0.3359813590306879,0.2826143660509855,0.1843209829038074,0.29227009020276423,0.33147186100069265,0.26646672418347794,0.24265089692177144,0.05942320309894544,6.800000190734863,-0.11999988555908203,0.3000001907348633,0.46790812263742704,-0.5421897081544638,-0.10539843635024068,0.12176313156183759,-0.060908179694606684,0.7277869418411198,-0.7530419029230082,-0.7088637810681124,-0.7066530880407791,-0.36546927305093196,0.7132368107845901,-0.3262649380911229,0.8636022871955225,0.7583032708726796,-0.2738602352389655,1.689553623848439,1.0522087287706647,0.9277797621229733,0.8181078766233013,1.1840596581680938,0.6220395287246877,0.7457142934480259,0.5462662268114017,-0.508156582956878,0.4950215529915501,0.6343495978210392
114,2025-07-21,628.75,16.649999618530273,0.0018625684943334164,0.006398158229552031,0.0127569695587475,0.08215494350072827,0.05061624994712157,0.07205798128137654,0.07011747733716343,0.1110661366429397,2.374586230258671,1.4991067594308627,-0.01571920757967271,0.005299999999999999,0.0065,0.3333117017987107,0.2674633992810636,0.18088762351508983,0.28600405430890646,0.32249358349544077,0.23722653744161112,0.23251942553124888,0.04841513444976808,6.849999904632568,0.04999971389770508,-0.8499999046325684,0.4952248827981082,-0.5018130397038817,0.09025869967566962,0.12382089191161622,0.21742696583131346,0.8467720360034948,-0.7496065237490319,-0.721107952602871,-0.7365553352316219,-0.39756887093562576,0.8938870108846153,-0.2268880442752253,0.8636022871955225,0.49794773884697424,-0.2738602352389655,1.6714962146088912,0.9815630465607946,0.8988626851488319,0.7873827487696349,1.128031034384592,0.5278228897530604,0.6888249622549988,0.4150247713262692,-0.5044655844050464,0.5202636606245095,0.5068502029391652
115,2025-07-22,628.83,16.5,0.00012722848662960473,0.010727949724219421,0.013641596819790713,0.08228217198735788,0.04861571155348302,0.07205833963439251,0.06773009097696728,0.10915842533095146,2.4361402387029267,1.5115644944469062,-0.01571920757967271,0.005199999999999996,0.0065,0.31670885632786766,0.24586439246708308,0.17497486087447808,0.2714242808256624,0.21170149534293764,0.21329002685705226,0.22268335782000587,0.03883560146112153,7.409999847412109,0.690000057220459,0.7199997901916504,0.4970926954586687,-0.5270484173748409,-0.045568392859844015,0.2945753194355845,0.2442447762013458,0.8485483236463528,-0.7722478451550672,-0.721103074633381,-0.7683894916619517,-0.4303360306765211,0.998045296445215,-0.2000088468158377,0.8636022871955225,0.41116256150507047,-0.2738602352389655,1.559195514872262,0.8808515477765388,0.849063117713434,0.7158917117027574,0.4366369199061691,0.4506955582522378,0.6335943553576247,0.30081474117790447,-0.46312616830250775,0.6152930465930948,0.6809145459432916
116,2025-07-23,634.16,15.369999885559082,0.008440338628322053,0.015862500218041475,0.016118869391053003,0.07038375343325765,0.04937999789875746,0.06403048633317975,0.07013868218758522,0.10878808838774802,2.19137277835534,1.412838493013734,-0.01571920757967271,0.005199999999999996,0.0065,0.16916635371342062,0.17175410945136216,0.15494960296982127,0.1409820601822488,0.17076008874355447,0.15157519617488935,0.19702187030125243,0.05239066929762348,7.559999942779541,0.6700000762939453,0.6700000762939453,0.6215357139684413,-0.7171554318829381,0.6051084632380301,0.4970671094548738,0.3193442321831226,0.6824297569079893,-0.7635979472852595,-0.8303797424108782,-0.736272583123851,-0.4366969982399283,0.5838633499694629,-0.41302314544078966,0.8636022871955225,0.41116256150507047,-0.2738602352389655,0.5612264430289114,0.5352913216920914,0.6804026721571392,0.07627617571233679,0.18114351750438346,0.25184033297930836,0.48950226783263606,0.46242227550184484,-0.45205310224639944,0.6123233827067248,0.6753711261714981
117,2025-07-24,634.43,15.390000343322754,0.0004256694504558567,0.010218639152046016,0.01363221060253128,0.0764933290214227,0.04939755543054951,0.06322505227915931,0.0677614999407774,0.10692304179920271,2.2712012509719233,1.4393530229176021,-0.01571920757967271,0.005199999999999996,0.0065,0.17638083673589408,0.17539343689699818,0.15582249016125693,0.14742952219698235,0.14058785198851753,0.1548723952202031,0.19804214698295733,0.059667498597836044,7.5,0.6999998092651367,0.010000228881835938,0.627839581697829,-0.713790629290747,-0.02220906948225785,0.274489586602841,0.24396022947116866,0.7677279783036327,-0.7633992379169892,-0.8413434641227059,-0.7679706747147174,-0.46873134175251363,0.7189446721581649,-0.3558145690895445,0.8636022871955225,0.41116256150507047,-0.2738602352389655,0.6100247946780075,0.5522607187006353,0.6877544647447236,0.10789091557179588,-0.0071452607012178525,0.2624644447475524,0.4952312341216125,0.5491787901197042,-0.45648232162878144,0.6167778431350939,0.6021975833986283
118,2025-07-25,637.03,14.93000030517578,0.0040897922452174384,0.014945597304958369,0.021291577249064275,0.07669421332480919,0.04568948526464412,0.06326547966304348,0.06659001005986855,0.10544880692419668,2.2420780972630556,1.415852937616299,-0.01571920757967271,0.004899999999999995,0.0065,0.19018009586318055,0.19161954430120265,0.16067101367894518,0.1541564235707968,0.09145900885952535,0.1648764491921115,0.20195423752797398,0.06580694262599707,7.699999809265137,0.9499998092651367,0.3399996757507324,0.6885434931660123,-0.7911793240423389,0.2645861082328586,0.4609071160206884,0.47615682947085874,0.7705326041795059,-0.8053657448779967,-0.8407931588752051,-0.7835916871939613,-0.49405303971664427,0.669664083661957,-0.4065190857864161,0.8636022871955225,0.15080702947936508,-0.2738602352389655,0.7033621963036968,0.62791954922862,0.7285905998235785,0.14087586941989863,-0.3137320716995218,0.2946991342741553,0.5171980547436152,0.6223750605831493,-0.44171825702084144,0.6538986771159054,0.63878430191859
119,2025-07-28,636.92,15.029999732971191,-0.00017269123634822137,0.012910337574276731,0.019308495803828762,0.07742023089101124,0.045632486537760135,0.06324586301367427,0.0643237900919274,0.10363791627120222,2.3366160034244388,1.4502414052440347,-0.01571920757967271,0.0051,0.0065,0.07673275177158992,0.21048307162991334,0.1647831215168717,0.05656474917338476,0.08582625031403265,0.17614675246531686,0.20463294954771893,0.06565540146028592,7.380000114440918,0.3299999237060547,0.2200002670288086,0.6859752507577427,-0.7743557924092386,-0.06904346044618864,0.38064237103166304,0.4160389645930119,0.7806688249701923,-0.8060108344694883,-0.8410601844417663,-0.8138101730527176,-0.5251571920729677,0.829635895005097,-0.33232145592021045,0.8636022871955225,0.3243773841631727,-0.2738602352389655,-0.06398916808268967,0.7158760986197035,0.7632243580214659,-0.33765900080852496,-0.34888310253189536,0.331013885064442,0.532239318681306,0.6205683419127193,-0.46534076039354544,0.561839025836062,0.625480083892991
120,2025-07-29,635.24,15.979999542236328,-0.0026411787457796265,0.0101419303418675,0.02086988006608692,0.07477905214523162,0.04252940255848905,0.06342156882677369,0.06263440545718851,0.10201366273627961,2.5513133597410578,1.5664567974141843,-0.01571920757967271,0.004799999999999999,0.0065,0.00802028821841856,0.05677412265010341,0.117948591742752,0.005517473485448625,0.06019131592249735,0.04058423607536679,0.13574585648635631,0.04762808250903117,6.980000019073486,-0.4699997901916504,0.059999942779541016,0.646751184885995,-0.6145313594603872,-0.2622548656335495,0.2714644134543858,0.4633729196992707,0.7437942751504983,-0.8411303412722605,-0.8386684434564472,-0.8363369561616127,-0.5530556349369745,1.1929348760711975,-0.08157150258288981,0.8636022871955225,0.06402185213746732,-0.2738602352389655,-0.5287563521897727,-0.000835496576857298,0.36876588479073347,-0.5879662283222775,-0.5088570055325455,-0.10579059835254054,0.14543068042579163,0.4056413049311509,-0.4948689248097321,0.4430523995788883,0.6077410031704218
121,2025-07-30,634.49,15.479999542236328,-0.0011813536534930336,0.0005202380600524137,0.01638273827809389,0.0682175210634437,0.04172440977865549,0.06272475986029953,0.06060425780603094,0.10029289230555831,2.554275904472154,1.5434792223434974,-0.01571920757967271,0.004400000000000001,0.0065,0.0073461436494408824,0.08170693370905067,0.1240437197002701,0.005109110138155941,0.05703785705413445,0.05772869633436625,0.14180236714053285,0.056936890373055604,6.409999847412109,-1.2899999618530273,-0.3900003433227539,0.6292404411932501,-0.6986494989537425,-0.14799264784601437,-0.10798724360960607,0.3273435174039612,0.6521861228603592,-0.8502409388572436,-0.8481535397925093,-0.863407579911975,-0.5826118676995142,1.19794793026355,-0.13114863491613515,0.8636022871955225,-0.2831188572301358,-0.2738602352389655,-0.5333162276010563,0.11542081058935569,0.4201014032610635,-0.5899686132860499,-0.5285360542642094,-0.05054835804657329,0.17943865687843744,0.5166236699436831,-0.5369465617428211,0.32129603863297257,0.5578499080254417
122,2025-07-31,631.97,16.719999313354492,-0.003979601923184362,-0.0038850333135878046,0.006333605838458212,0.05841671087182476,0.04207794534923534,0.06226403333740307,0.05974136918063378,0.09893593262949857,2.798730518344828,1.6899824835096653,-0.01571920757967271,0.004300000000000005,0.0065,0.008336312321856514,0.07855883021159113,0.12238681725762128,0.005863901629888056,0.052663984455256996,0.057390145874952656,0.1407895404123713,0.05478841319144223,6.519999980926514,-0.48000001907348633,-0.19999980926513672,0.5704043423856273,-0.49003655151644976,-0.36701481351810133,-0.28171837879708594,0.022700262535597537,0.5153531030347592,-0.8462397597209582,-0.8544250369524328,-0.8749136067289283,-0.6059192277743793,1.6116004952531215,0.18495136883721955,0.8636022871955225,-0.3699040345720336,-0.2738602352389655,-0.5266187831801684,0.10074188464208068,0.40614633184320786,-0.5862675388780559,-0.5558310517930919,-0.05163922270793259,0.17375152290168533,0.4910088885158251,-0.5288263086083007,0.44156753223451733,0.5789150829042655
123,2025-08-01,621.71,20.3799991607666,-0.016368178591415372,-0.024343004150220615,-0.009397406845262246,0.04240087832141981,0.06560132637929435,0.06878370031690861,0.07572450512804363,0.10333348744827411,2.6913347437934094,1.9722550418099714,-0.024049102867996698,0.005399999999999995,0.0065,-0.09865746547418862,-0.22453265082620533,0.0015796320217746902,-0.07650675595676666,-0.011467877250176582,-0.19352168133442366,0.0018378512468973692,0.009573323601681949,6.309999942779541,0.809999942779541,-0.5799999237060547,0.33085736866887616,0.12570820390409196,-1.3366832024384143,-1.0885214552994165,-0.4541913432951896,0.29174967739479685,-0.5800112123700034,-0.7656780885706385,-0.6617894729564346,-0.5303861110440576,1.4298713108108312,0.793991440900823,0.7097335740998213,0.584732916188872,-0.2738602352389655,-1.2503185932556247,-1.3125081590728163,-0.6113383759837757,-0.9901670741841639,-0.9560436705195056,-0.8601179525666826,-0.6064775632861088,-0.048058804171053245,-0.544328594046791,0.6331110299113151,0.536784838879564
124,2025-08-04,631.09,17.520000457763672,0.014974737040911457,-0.009195575872960937,0.003714761701315794,0.062254084117538966,0.07925157003473127,0.07328510749196593,0.0858047695003549,0.10647838945919633,2.0418445920644546,1.645404344181739,-0.024049102867996698,0.005299999999999999,0.0065,-0.07509064995121177,-0.1733341210047428,0.013955667982108214,-0.06153046979416125,0.03605823121415692,-0.172128354900138,0.016847821836711026,0.014234873206441456,6.230000019073486,-0.7399997711181641,-0.570000171661377,0.5498584031194733,-0.3554473357959393,1.1165634714269392,-0.49115078580427096,-0.056690989069891465,0.5689282013320464,-0.4255230231624317,-0.7044040769583848,-0.5273760750090362,-0.4763687626571301,0.33084003076273377,0.08876818563222232,0.7097335740998213,0.49794773884697424,-0.2738602352389655,-1.0909139973119895,-1.073780484310828,-0.5071026278486581,-0.9167317611866429,-0.6594586686096832,-0.7911851741663563,-0.5221949201075189,0.0075175711625527246,-0.550234219889967,0.40296190171170676,0.5378935016873334
125,2025-08-05,628.0,17.850000381469727,-0.004908316647066258,-0.011462713774247568,-0.0013207834323800682,0.04722848613443009,0.08004250929320805,0.07156113049678293,0.08417603151119546,0.10517324888098453,2.1205561798307953,1.697199674954325,-0.024049102867996698,0.0050000000000000044,0.0065,-0.07197342627214075,-0.1800113854228851,0.007608182245034859,-0.06262685563953181,0.019642535676173196,-0.1820739084990377,0.009236405810998955,0.022720408379814927,6.28000020980835,0.38000011444091797,-0.4699997901916504,0.47771413910536326,-0.29992937656573426,-0.4397064014373552,-0.580560133789936,-0.2093454464352949,0.359149835409564,-0.4165714779080296,-0.7278711800916968,-0.5490941767773072,-0.49878606948015225,0.4640314222367656,0.20052340610510017,0.7097335740998213,0.2375922068212749,-0.2738602352389655,-1.0698292741535387,-1.1049151245802415,-0.5605636008695379,-0.922107822838154,-0.7619002370401743,-0.8232313659732926,-0.5649338620088604,0.10868463526939261,-0.5465431861378287,0.5692632209531732,0.5489804469638667
126,2025-08-06,632.67,16.770000457763672,0.007408792723584412,-0.0028725673971701227,-0.002352329337117709,0.053752906329387784,0.08111459324053631,0.07275730881714776,0.08428323794707293,0.10457135403530403,1.989719529794842,1.6036897114387563,-0.024049102867996698,0.005299999999999999,0.0065,-0.09117616822231991,-0.2280504983365945,-0.011879419823133336,-0.07852710940009529,0.018693698271017314,-0.22944955507721201,-0.014355573791591865,0.04149253388671159,6.619999885559082,0.4200000762939453,-0.43000030517578125,0.586747703165521,-0.48162454503597224,0.5243681584934721,-0.24178965748143935,-0.24061715111757484,0.4502398678081735,-0.404438045576565,-0.7115885730219582,-0.5476646526303313,-0.5091243132341716,0.24263688594789734,-0.0012366064909423843,0.7097335740998213,0.49794773884697424,-0.2738602352389655,-1.1997155253780127,-1.3289111214088636,-0.7246957016040153,-1.0000737550438628,-0.767821423367295,-0.9758834071215869,-0.6974054339432607,0.33249147665012935,-0.5214442763043308,0.5752025487259133,0.5534151510614176
127,2025-08-07,632.3,16.56999969482422,-0.0005849941272151327,0.0005220403987991062,-0.0033629929147886983,0.04734727079986456,0.08111083121638045,0.07201822629189053,0.08143109958596842,0.10278247993485942,2.0348490661520473,1.6121424298504774,-0.024049102867996698,0.0051,0.0065,-0.029679041879379014,-0.22099731123481797,-0.009840954566994,-0.026049440646381487,0.017404306566442915,-0.22159383936669833,-0.011881201824696052,0.019694117323606264,6.320000171661377,-0.48000001907348633,-1.1299996376037598,0.5781090696104334,-0.515271929187409,-0.10131489005757703,-0.10791616459315118,-0.27125580014803363,0.3608082354971681,-0.40448062271396007,-0.7216491050897885,-0.5856959576013814,-0.5398503057034035,0.3190025890745785,0.017001242280495914,0.7097335740998213,0.3243773841631727,-0.2738602352389655,-0.7837524705972911,-1.2960236349450922,-0.7075269610070946,-0.7427526816837918,-0.7758678267762906,-0.9505710130012902,-0.6835115619780143,0.07260429678348164,-0.5435903732162407,0.44156753223451733,0.47580690419099686
128,2025-08-08,637.14,15.149999618530272,0.007625446579241135,0.024515665569455614,0.00017266141923499845,0.05772914108938032,0.08427524034923489,0.0731293518238167,0.08190698843812767,0.10232202730974461,1.8496589738462357,1.4806195710595997,-0.024049102867996698,0.0051,0.0065,-0.046343931831040616,-0.2554578282167645,-0.024837026896193673,-0.04091530332650915,0.025588846856059725,-0.25890689878123596,-0.03002497352328224,0.03183271893779693,6.119999885559082,-0.7300000190734863,-1.5799999237060547,0.6911117355742818,-0.7541674581839478,0.5413259092338585,0.838322871463447,-0.1640711002869712,0.5057536670867845,-0.36866706149215217,-0.7065242527717911,-0.5793503068028056,-0.5477591148746019,0.005634166693913303,-0.2667765782711819,0.7097335740998213,0.3243773841631727,-0.2738602352389655,-0.8964728356631526,-1.4567055748149254,-0.8338296659549832,-0.8156465398166032,-0.7247924920631887,-1.070799761156061,-0.7853908446078893,0.21732430118857904,-0.5583544730244874,0.40444669825370577,0.4259158090460167
129,2025-08-11,635.83,16.25,-0.002058179631005963,0.007482748897538194,-0.0017128269754227432,0.051820717721575704,0.0845145358114124,0.0728980141284063,0.07935680517491445,0.10066028696276387,2.0477134839516955,1.6143407186998364,-0.024049102867996698,0.0051,0.0065,-0.05857935597192355,-0.2560026109137022,-0.026048909796480314,-0.05183329596142209,0.025652253985009903,-0.2614022743314625,-0.03156151656757618,0.027945727171932333,6.159999847412109,-1.25,-0.8400001525878906,0.6605263032576218,-0.5691074871215185,-0.2166228428835729,0.16659400439010574,-0.22123039488433494,0.42326381206273755,-0.3659588078103458,-0.709673265532395,-0.6133552480559962,-0.576301437318903,0.340771044722111,0.0217443388368599,0.7097335740998213,0.3243773841631727,-0.2738602352389655,-0.9792325466421301,-1.459245778741562,-0.8440366111487759,-0.8691822560645609,-0.7243968021136339,-1.0788402671688933,-0.794018703560435,0.1709824338666562,-0.5554016601028994,0.32723536640571266,0.5079588657469346
130,2025-08-12,642.64,14.729999542236328,0.010653459852754565,0.023044525397359017,0.011581811623111449,0.07375133407416001,0.08687442416586516,0.0725980782458219,0.08303158926548568,0.1015155185644363,1.7740235580868557,1.4510096338508636,-0.024049102867996698,0.005700000000000004,0.0065,-0.07867425480039586,-0.3068163953791453,-0.05086616839996743,-0.07064051382874294,0.09719790021958359,-0.32507084104973744,-0.06219010328152472,0.0494260644181681,5.710000038146973,-1.8499999046325684,0.21000003814697266,0.819523855987745,-0.8248267081937755,0.778332050551653,0.7803053668784684,0.1818016080556991,0.7294458932877088,-0.33925050224349,-0.7137560498790863,-0.5643545276291106,-0.561611840244461,-0.12235189680176749,-0.3306639019274252,0.7097335740998213,0.8450884482145834,-0.2738602352389655,-1.1151532961026513,-1.6961794690954375,-1.0530571348033833,-0.9614023108701246,-0.27791872278498836,-1.2839907478170787,-0.9660016018366049,0.42707737788920813,-0.5886208230709177,0.23814537901223937,0.6243713682187485
131,2025-08-13,644.88,14.489999771118164,0.0034795611097875323,0.019115293783562137,0.016242726386392015,0.06762810062133795,0.08752894308125099,0.07081598453058435,0.08087771070024878,0.1000481139316639,1.79159370927565,1.4483031415280154,-0.024049102867996698,0.005699999999999997,0.0065,-0.08613482321804841,-0.27404064635976977,-0.042217465063916326,-0.07864134241746795,0.10710166321036683,-0.2779025498555981,-0.05064126818626357,0.05269531667881289,6.0,-1.5,-0.9699997901916504,0.8718226104834103,-0.8652033766443575,0.21682260336803189,0.6253478601141607,0.32309900389351115,0.6439569889965854,-0.33184290977902975,-0.7380142488722043,-0.5930750180871578,-0.586816220857202,-0.09262065961479066,-0.33650351414220286,0.7097335740998213,0.8450884482145774,-0.2738602352389655,-1.1656161553280004,-1.543353237966082,-0.9802144196140133,-1.0006338897324187,-0.21611463950431722,-1.1320068394522345,-0.90115361684969,0.4660543718296616,-0.5672129117892514,0.29011453242490115,0.493545932047093
132,2025-08-14,644.94,14.829999923706056,9.303623768186498e-05,0.019793324148459135,0.02031536454725824,0.07631932690013699,0.08661006394205037,0.06913076721057089,0.07812321608565859,0.09832954812087762,1.898283335832671,1.5081936413940773,-0.024049102867996698,0.005499999999999998,0.0065,-0.15929083277211203,-0.24066781170151233,-0.035000741018741295,-0.1394793314931813,0.10945290748572126,-0.23334905183949917,-0.04119891246225317,0.061824166818499116,5.980000019073486,-1.7199997901916504,0.07999992370605469,0.8732234699788313,-0.8080030161180567,-0.04824466018567325,0.6520874125716971,0.4465625717865794,0.7652986652931691,-0.34224242922344456,-0.7609537479265998,-0.6298043108021252,-0.6163345867092063,0.08791362028257288,-0.2072819044540747,0.7097335740998213,0.6715180935307759,-0.2738602352389655,-1.6604392311247602,-1.387742925600388,-0.9194323863083151,-1.2989492879163929,-0.20144178261724893,-0.9884482201259235,-0.8481337462583269,0.5748912275416406,-0.5686893182500453,0.25744822967483066,0.6099583816524338
133,2025-08-15,643.44,15.09000015258789,-0.0023285066172133995,0.0098393709520046,0.034355036521460214,0.07414144663779965,0.08690749953348852,0.06925524650814954,0.07578374238689267,0.09676826570835245,1.9911922633155434,1.559395535522697,-0.024049102867996698,0.0058,0.0065,-0.09665704765215832,-0.18671217117544608,-0.019191438397066163,-0.08449413222936522,0.10975170915917155,-0.17658485020581838,-0.02229212358094636,0.046914377466306334,5.75,-1.630000114440918,-0.4499998092651367,0.8382019825933412,-0.7642615450752839,-0.23778165234306814,0.2595323480254455,0.8721805436062539,0.7348924103726295,-0.3388761679985865,-0.7592593120249591,-0.6609995848192881,-0.6431514273340828,0.24512896408352042,-0.0968071013855056,0.7097335740998213,0.9318736255564812,-0.2738602352389655,-1.236787881211467,-1.1361594397464274,-0.7862803421847804,-1.0293326904283187,-0.1995771213236061,-0.8055447270994724,-0.7419700378485629,0.39713230198254684,-0.5856680101493297,0.27081168176230985,0.5511978254458787
134,2025-08-18,643.27,14.989999771118164,-0.00026423980693301985,0.011633310776077543,0.019116059673615737,0.07387720683086663,0.08652637265944381,0.06925685479783583,0.07320654943224747,0.09510752035173367,2.047630968454726,1.5761108812090818,-0.024049102867996698,0.005700000000000004,0.0065,-0.0227083593675455,-0.17849059660754477,-0.016442247983331142,-0.01983593882190766,0.10734735660572504,-0.1683932918387993,-0.01906263592920423,0.07024200296559346,6.159999847412109,-0.820000171661377,-0.6400003433227539,0.8342328806896507,-0.7810852371510023,-0.0762090741663316,0.33028013531480904,0.41020519044240533,0.7312032530444224,-0.34318961485827365,-0.7592374196795033,-0.6953646817458611,-0.6716766596621141,0.3406314165660616,-0.06074155040632332,0.7097335740998213,0.8450884482145834,-0.2738602352389655,-0.7366031716957555,-1.0978240151488523,-0.7631256001930772,-0.712285151460563,-0.21458139854506153,-0.779150193299338,-0.723836107886957,0.675251163801902,-0.5554016601028994,0.3910831753638546,0.5301326505670548
135,2025-08-19,639.77,15.56999969482422,-0.005455806025833176,-0.0044759551025101985,0.01856857029484882,0.07384228695785744,0.0880815345461065,0.06926560271805521,0.0725769612124836,0.09419759313731638,2.1453088465966395,1.6529084423767688,-0.024049102867996698,0.005499999999999998,0.0065,-0.04537792726360454,-0.23055092588616863,-0.03808026545847952,-0.0399947062515081,0.09613390196734552,-0.2195911965638106,-0.044153378819447524,0.0608823780970944,5.920000076293945,-0.48999977111816406,-0.929999828338623,0.7525160767901741,-0.6835082081741193,-0.4825590356080978,-0.3050226214847893,0.3936078426260341,0.730715722770664,-0.32558889285947945,-0.7591183413237227,-0.7037598079846694,-0.6873057174760687,0.5059165146709654,0.10495926184945437,0.7097335740998213,0.6715180935307759,-0.2738602352389655,-0.8899388358700231,-1.3405700744472069,-0.9453693288725837,-0.8111324477637877,-0.28455856631244436,-0.9441181720665008,-0.8647234012664152,0.5636629434079043,-0.5731185376324274,0.44008273569251827,0.4979806890111171
136,2025-08-20,638.06,15.6899995803833,-0.0026764139529591446,-0.010631930165256875,0.008483363618305262,0.06128602439610731,0.08760898227601815,0.0671502110008057,0.07056168734549984,0.09275575379291492,2.2235862223019747,1.6915392241232339,-0.024049102867996698,0.005499999999999998,0.0065,-0.060448969355983775,-0.23979179418430396,-0.04242039875219605,-0.05269386880965779,0.0853580560941548,-0.22999223022518508,-0.049291769990294255,0.059588319921019206,6.0,-0.5199999809265137,-1.4099998474121094,0.7125915811707147,-0.6633198739488285,-0.26501276652031175,-0.5477964361097549,0.0878709836068123,0.5554127334814092,-0.3309370570647973,-0.7879134561859016,-0.7306321000447805,-0.7120709845381333,0.63837315653263,0.18831024091880338,0.7097335740998213,0.6715180935307759,-0.2738602352389655,-0.9918785049289581,-1.3836582453241537,-0.9819236054056072,-0.8734020229534412,-0.3518048520309281,-0.97763199473995,-0.8935760353853917,0.5482347984786632,-0.5672129117892514,0.43562820446177725,0.44476355257635547
137,2025-08-21,635.58,16.600000381469727,-0.0038943549736281113,-0.014619321376566852,0.005174002771892283,0.04638816126785006,0.07249926241546768,0.06458516628536258,0.06914925542678317,0.09154116198851034,2.400604356332685,1.8133919234664349,-0.024049102867996698,0.005399999999999995,0.0065,-0.05954327021440273,-0.1929048819356723,-0.027349794688511644,-0.05090939019893066,0.001592653951084566,-0.18455708291305326,-0.03169413364646509,0.05401011545144918,5.980000019073486,-0.3299999237060547,-1.5799999237060547,0.6546893886933736,-0.5102247252991224,-0.36034243504797775,-0.7050475888361383,-0.012453543494526553,0.34741772481048133,-0.5019430346584924,-0.8228293332811591,-0.7494659090156597,-0.7329330108965286,0.9379134435063521,0.45122342396429554,0.7097335740998213,0.584732916188872,-0.2738602352389655,-0.9857524075964836,-1.1650347110758517,-0.8549931654439612,-0.8646519400628421,-0.8745398866745419,-0.8312325579401655,-0.7947633631100657,0.481729792295335,-0.5686893182500453,0.4638400467834786,0.4259158090460167
138,2025-08-22,645.27,14.220000267028809,0.015130866019990918,0.002840051260637466,0.012679422212642066,0.06100825576460611,0.07280887434061221,0.0700060631581588,0.08072080186865557,0.09559998033113049,1.7616277264151572,1.4874480327061648,-0.024049102867996698,0.0058,0.0065,-0.03822852276791198,0.0022287391411585722,0.03258833218749706,-0.03381039722073011,0.03197662429450611,0.0024074472883279913,0.038948958542867715,0.057992474170632136,7.349999904632568,1.119999885559082,-0.15000009536743164,0.8809281972036374,-0.9106270885406078,1.128783869271026,-0.016500534488322,0.21507608867192962,0.5515346948378658,-0.49843896638835594,-0.7490390528166251,-0.5951672895240391,-0.6632180869684942,-0.1433274369437417,-0.25204327653491104,0.7097335740998213,0.9318736255564812,-0.2738602352389655,-0.8415806716639866,-0.25516882644979166,-0.35017114353299755,-0.7808080626380183,-0.6849297924861151,-0.22880242307164847,-0.39809459574643263,0.5292086526863934,-0.46755538768488974,0.6791408555512368,0.584458502676059
139,2025-08-25,642.47,14.789999961853027,-0.004348710784213949,-0.0012444197166434634,0.01038889105943408,0.04876759527691377,0.07246757507630547,0.0690106721513055,0.07905190024748274,0.09441587462317043,1.8709227628369363,1.5664738605538948,-0.024049102867996698,0.005499999999999998,0.0065,-0.026961717583834345,0.028631507803066072,0.04228531686954632,-0.024065358635234506,0.040967866693657415,0.031367073971644586,0.05076376143145483,0.05726705604391391,6.599999904632568,0.31999969482421875,-1.0999999046325684,0.8155547540840571,-0.8147324608598207,-0.3959053958824658,-0.17758023181851532,0.14563776948544613,0.38063795197234823,-0.502301659733,-0.7625885047414857,-0.6174209457235668,-0.6835564791764828,0.04161557329555626,-0.08153468662068117,0.7097335740998213,0.6715180935307759,-0.2738602352389655,-0.7653726440587072,-0.13205842480514118,-0.2684993985390584,-0.7330238555970459,-0.6288202617399739,-0.13548979425493707,-0.3317531722156006,0.5205600028805155,-0.5229206827651247,0.5603541584916911,0.47913294548077834
140,2025-08-26,645.13,14.619999885559082,0.004131723802581533,0.008343110111771246,0.0038671550092610474,0.04805724725915894,0.06992543835440018,0.06886316230820104,0.0773556833525336,0.09321278567834075,1.8899710081974526,1.5684543465968142,-0.024049102867996698,0.006499999999999999,0.0065,-0.04900102986869953,0.025190297850856254,0.04096450718228406,-0.04351295404295461,-0.039858497599020215,0.02778353512467612,0.04927438556216641,0.05909833283939303,6.860000133514404,0.24000024795532227,-0.5199999809265137,0.8776595250476585,-0.843332641122971,0.26786814028246664,0.2005241570963336,-0.05207112823797651,0.37072049999683293,-0.5310725819816146,-0.7645964368142357,-0.6400388323270333,-0.704220930548139,0.07384795961505645,-0.07726152818982408,0.7097335740998213,1.5393698669497897,-0.2738602352389655,-0.9144452952287098,-0.14810404277744638,-0.2796237671444145,-0.8283839629233221,-1.1332143344441963,-0.14703653945072626,-0.34011618226941287,0.5423930273368801,-0.5037273635744961,0.5484755737485828,0.5434369743256
141,2025-08-27,646.62,14.850000381469728,0.002306948961976474,0.013326473026706864,0.002694542861449989,0.04546453199074474,0.07026543022622195,0.06842895618952699,0.07503955795059249,0.0917439344285492,1.9789562714704767,1.6186356595634133,-0.024049102867996698,0.006499999999999999,0.0065,-0.03623111366356669,0.0229086593767267,0.0401418372822472,-0.0323835733960206,-0.051627835669913726,0.02525827267023062,0.04826994882384084,0.05132887914389528,6.21999979019165,-0.10000038146972656,-0.7600002288818359,0.9124475358505788,-0.8046382135258657,0.12504087874811248,0.39705354719098834,-0.08761930949174997,0.33452256811274916,-0.5272246852005108,-0.7705069331819424,-0.6709227728516811,-0.7294501584900607,0.22442389604770238,0.03101123714540483,0.7097335740998213,1.5393698669497897,-0.2738602352389655,-0.8280703104146327,-0.15874282966206707,-0.28655261033567764,-0.7738117183493063,-1.2066604731461028,-0.15517334593146037,-0.34575620552630126,0.4497632987425124,-0.5509724407205173,0.4979911460755482,0.5168283796749827
142,2025-08-28,648.89,14.43000030517578,0.003504414976559289,0.020725242976894265,0.006105921600327413,0.04948698103962812,0.06706879042488745,0.0687084263238221,0.07323969015962027,0.09047814087505775,1.970243221090464,1.5948603901026575,-0.024049102867996698,0.005999999999999998,0.0065,-0.05041184530847209,0.04720087164265864,0.04823880780699753,-0.045609247477939215,-0.055205454560996486,0.050146534713840576,0.05718058859279276,0.05316988522889243,6.179999828338623,0.059999942779541016,-0.23000001907348633,0.9654467200939532,-0.8752974635356942,0.21876794459619825,0.6888395901867701,0.015797928647269883,0.39068158350965965,-0.5634030206883407,-0.7667027324979956,-0.6949227729216378,-0.7511916344175806,0.2096801545347976,-0.020287025473184995,0.7097335740998213,1.1054439802402827,-0.2738602352389655,-0.9239879703902617,-0.04547349616180059,-0.2183568016793006,-0.8386630109370495,-1.2289864775241108,-0.07497931638251133,-0.2957219787671101,0.4717123186707328,-0.5539252536421053,0.5217485279688805,0.5755889887480109
143,2025-08-29,645.04,15.359999656677246,-0.00595088043658798,-0.00035650347968463336,0.002483547780952833,0.03898013686029422,0.06925770626545728,0.06904786757610581,0.07295628036579,0.08982807144400812,2.1053704464735454,1.7099331433661562,-0.024049102867996698,0.006399999999999996,0.0065,-0.01615690498479438,0.134921540186566,0.08004106362284691,-0.01468702000574952,-0.035217710983052354,0.14224196343099604,0.09429954958409914,0.05734740833800078,10.699999809265137,4.539999961853027,4.179999828338623,0.8755582358045284,-0.7188378331790336,-0.5213090889135218,-0.14256338887864803,-0.094015705247302,0.24399134160244423,-0.5386297160446017,-0.762082193536455,-0.6987018477547282,-0.7623573326844092,0.43833496490687485,0.2279975345356458,0.7097335740998213,1.4525846896078858,-0.2738602352389655,-0.692289507946514,0.36354901489623026,0.049494062521009796,-0.6870377396017061,-1.1042536694153555,0.22176713858994088,-0.08729491186043788,0.5215179867343244,-0.22025707669990163,1.186953875737118,1.064521393396683
144,2025-09-02,640.33,17.170000076293945,-0.007328661911940593,-0.0074681784099928095,0.0008749317017784364,0.02368816664278306,0.06409757434195597,0.06882328432528645,0.07152323647953729,0.08816959712168074,2.400618445336469,1.9473832972830807,-0.024049102867996698,0.006199999999999997,0.0062,0.03300743404638334,0.21926195385644795,0.11575345114512248,0.03042992924068354,-0.0005908915261465365,0.2325238703807145,0.1361423409934728,0.046558427182184836,9.149999618530272,3.439999580383299,2.8399996757507306,0.7655907654140918,-0.41433009761833534,-0.6291496568227802,-0.4230272363772941,-0.14278151076703105,0.030494046681405648,-0.5970300975364284,-0.7651392635111232,-0.7178105031475437,-0.790843557358119,0.9379372841386113,0.7403273894952683,0.7097335740998213,1.2790143349240843,-0.8925815074455198,-0.35974472307899774,0.7568101283322404,0.3502775640401273,-0.4658095089554581,-0.8881662251327131,0.5126701313732425,0.1476569847372615,0.39288855724791144,-0.33467870061251,1.0236221495796496,0.9159568765024579
145,2025-09-03,643.64,16.350000381469727,0.0051558951261236885,-0.004619232245845595,0.00870724078086127,0.03616281173574798,0.06605191829801364,0.06819503440046462,0.07079227112198194,0.08735222465604567,2.309574212317202,1.8717325684433086,-0.024049102867996698,0.006100000000000001,0.0062,0.09178275052534529,0.2768610362595962,0.13915472302242948,0.08199408479743801,0.015827500100546905,0.26829886360164984,0.15737103978762657,0.02584387267347399,10.5,4.5,4.269999980926514,0.8428715142447384,-0.5522837950458002,0.348031227929509,-0.31067305675808976,0.09465790455759525,0.20465754193842706,-0.5749115869456042,-0.7736911211173927,-0.7275574238494182,-0.8048828797550492,0.7838772730825552,0.5771010184244361,0.7097335740998213,1.1922291575821866,-0.8925815074455198,0.03780816503410784,1.025382195898983,0.5473721013590579,-0.21296779228086343,-0.7857078318558175,0.6279429800135412,0.26685847383462524,0.1459235018789582,-0.23502114130784166,1.181014547964378,1.0744996229989736
146,2025-09-04,648.99,15.300000190734863,0.008277744673938159,0.00015409745153327492,0.02087934042842754,0.04519795518409975,0.0704755601020728,0.06976637651114144,0.07273799940151575,0.08765419492716509,2.1034397861671232,1.7454954897992236,-0.024049102867996698,0.0058,0.0062,0.07706463954887005,0.33751512886525625,0.1672646000698182,0.069379272968176,0.04279981045203876,0.3285616307392274,0.18827168709252848,0.024256075220829842,10.800000190734863,4.820000171661377,4.519999980926514,0.9677814859196531,-0.7289319200703699,0.5923820442136463,-0.12242676802503423,0.463659714165658,0.33080078299952537,-0.5248465163679215,-0.7523017130962868,-0.701612474404157,-0.7996961892696535,0.43506800841452953,0.3047279619096862,0.7097335740998213,0.9318736255564812,-0.8925815074455198,-0.061744298088082614,1.3081991155066544,0.784124327468602,-0.27482375877539833,-0.6173880813945967,0.8221194202995001,0.4403690223865286,0.12699331027662147,-0.21287500919562502,1.2285292409486706,1.1022168804573604
147,2025-09-05,647.21,15.18000030517578,-0.0027464914656842865,0.003358486422436968,0.003001982942752335,0.0364883976613557,0.07098123425295007,0.0691228347790008,0.07074034237863935,0.08634795403602354,2.145876001550073,1.7580034726523837,-0.024049102867996698,0.0059000000000000025,0.0062,0.03935814839420058,0.21153360594782225,0.12113549826685965,0.033720701443825926,0.021152460385036757,0.18115811953353833,0.12757251973902317,0.005857053617501329,10.800000190734863,5.050000190734863,4.180000305175781,0.9262226542222056,-0.7491202542956613,-0.27049781542330525,0.003945045713495603,-0.07829914701926327,0.20920317689539364,-0.5191234914996445,-0.7610617256956032,-0.7282498579549154,-0.8221323952464982,0.5068762228863991,0.33171557566898885,0.7097335740998213,1.018658802898385,-0.8925815074455198,-0.3167888534758151,0.720774513004777,0.395607240685444,-0.44967340657884175,-0.7524776052040739,0.34716132509241154,0.09953649159097606,-0.09236527583681844,-0.21287500919562502,1.262680411043112,1.064521446263156
148,2025-09-08,648.8,15.109999656677246,0.0024536860020001328,0.005812172424437101,0.009804379728966417,0.03602975542437825,0.06936180292807632,0.06906601384377947,0.06872485800245853,0.08502630529286474,2.1986221719274717,1.7770970530393315,-0.024049102867996698,0.005600000000000001,0.0062,0.02243653136882918,0.21919110332070582,0.12518257426616922,0.01879190861420805,0.06409571711608826,0.17395818816726571,0.12599678590815688,-0.00048131783627169966,8.550000190734863,2.390000343322754,2.2300000190734863,0.963345430850823,-0.7608969029257112,0.13652615853489805,0.10071131011932762,0.12791808718543235,0.20279988971013022,-0.5374515901945067,-0.7618351830855197,-0.7551249570105011,-0.8448332489953303,0.5961303724577071,0.37291247998317745,0.7097335740998213,0.7583032708726796,-0.8925815074455198,-0.4312457058245089,0.7564797676028925,0.42969327565655946,-0.5228758388918349,-0.4844917277331462,0.32396197482337513,0.09068857204198882,-0.16793321799902075,-0.37897089443632986,0.8677147601440365,0.8483268063678551
149,2025-09-09,650.33,15.039999961853027,0.002355423564035064,0.015496257900412758,0.008028079490419948,0.04195475338972887,0.06925027225193213,0.06889965521737541,0.06675776673005543,0.08371698949739047,2.252921375076763,1.796529002314618,-0.024049102867996698,0.005400000000000002,0.0062,0.01709533503508002,0.19598361950816878,0.1183702739288826,0.014164105927174061,0.060969982872569134,0.15019780749631084,0.11747128040912755,0.005350985912841111,7.300000190734863,1.380000114440918,1.1800003051757812,0.9990673479840249,-0.772673391113143,0.12883504256050937,0.48262357392694716,0.07406887288312133,0.28552114930076616,-0.5387138513404277,-0.7640996883856763,-0.7813547672843906,-0.8673222700290577,0.6880124781122694,0.4148394595600086,0.7097335740998213,0.584732916188878,-0.8925815074455198,-0.467373253163555,0.6482682883482487,0.37231745479969697,-0.5455679893437722,-0.5039977619223209,0.2474021625599852,0.042816916758437996,-0.09839876493016549,-0.47124638623672144,0.7177465568764193,0.7319143567625143
150,2025-09-10,652.225,15.350000381469728,0.002909668055396608,0.013250030829685677,0.008630798583840082,0.04305403123623819,0.06878570519416419,0.06901968393767104,0.06507016303981632,0.08251328388412711,2.3589921500699313,1.8603065662767266,-0.024049102867996698,0.0049999999999999975,0.0062,-0.0171953314691573,0.20389129852329624,0.12227291627061111,-0.014879134656338559,0.05724635629170743,0.15544400232511882,0.12068736494659033,-0.00775972821464066,7.010000228881836,1.010000228881836,0.8500003814697266,1.0433111603810268,-0.7205200740325104,0.1722164072966771,0.3940388884927339,0.09234053041114929,0.30086860572777463,-0.5439716419946973,-0.7624658345894789,-0.8038578027222991,-0.8879973133980179,0.867499571651887,0.5524479199268821,0.7097335740998213,0.2375922068212689,-0.8925815074455198,-0.6993133654547826,0.685140085851586,0.40518701380046895,-0.6879797621661949,-0.5272349221334315,0.26430625583832595,0.06087558675257558,-0.25470858269904206,-0.4926542975183878,0.6628077395773875,0.6953275853760794
151,2025-09-11,657.61,14.710000038146973,0.008222456018364355,0.013194742174111873,0.013348839625645148,0.05547905026264033,0.056455941097162066,0.07016460841213136,0.06750757085411002,0.08297664693250524,2.1790148648566565,1.7727879568467453,-0.024049102867996698,0.004899999999999995,0.0062,0.006479574730855878,0.23920373259510833,0.14228443042809644,0.005678343558462111,0.07184722918328083,0.18905490216544207,0.1413082506014267,-0.010111816741676272,7.730000019073486,1.75,2.0199999809265137,1.1690383000949356,-0.8281913503433481,0.5880545364610164,0.3918584641598989,0.23536973101248293,0.47433925167774,-0.683515153215737,-0.7468809046298064,-0.7713566445778091,-0.8800385143235341,0.5629519728607769,0.363615039695448,0.7097335740998213,0.15080702947936508,-0.8925815074455198,-0.5391776503371778,0.8497943309157835,0.5737317042172998,-0.5871774116533508,-0.43611869035354217,0.37260604351489013,0.1766641379208597,-0.2827508789052075,-0.43950362972949714,0.7726853741754511,0.8250443058734922
152,2025-09-12,657.42,14.760000228881836,-0.00028896679364276423,0.015652266846153395,0.019010753268590364,0.051884295334497565,0.05483670758300844,0.06991761158663254,0.06521376044899055,0.08155349462626417,2.263326041507289,1.8098550278590273,-0.024049102867996698,0.0049999999999999975,0.0062,-0.015808134133061293,0.2525635763103559,0.1470458965450092,-0.01386434527286613,0.06804588170043971,0.19486914343030257,0.14469296190137443,-0.008904968141411729,7.610000133514404,0.26000022888183594,1.6100001335144043,1.1646022450261055,-0.8197795043054888,-0.07814448434361032,0.48877611458655384,0.4070127869012914,0.42415144447264186,-0.7018410131652164,-0.7502430724509416,-0.8019430299553696,-0.904482809779131,0.705618678660767,0.44359210773367136,0.7097335740998213,0.2375922068212689,-0.8925815074455198,-0.6899304417993195,0.912088393586068,0.613834608289909,-0.6830038038282771,-0.4598408651094328,0.39134047482961726,0.1956696658164061,-0.2683624723738992,-0.44836206849426113,0.5514452376349529,0.7795880205590092
153,2025-09-15,660.85,15.6899995803833,0.005203801558459453,0.018402382402612716,0.024214554827049817,0.0510185663765057,0.05570331472325251,0.06969457998245009,0.06489249136248146,0.0809198456507899,2.4178451544942074,1.9389556979747087,-0.024049102867996698,0.0051,0.0062,-0.01377211780258669,0.25113834726474416,0.148955535128917,-0.012122133557906464,0.02784488223941072,0.19648270163569667,0.14719815693683033,-0.007928468669772926,7.159999847412109,0.559999942779541,1.179999828338623,1.244684712847594,-0.6633198739488285,0.3517809204330123,0.597232701479093,0.5647680014913008,0.4120646572217474,-0.6920330880299509,-0.7532790211161279,-0.8062269324383005,-0.9153664676305807,0.9670873677330218,0.7221437384843422,0.7097335740998213,0.3243773841631727,-0.8925815074455198,-0.6761589434745875,0.905442858699644,0.6299183209665121,-0.6744609741035443,-0.7107137829052126,0.396539621888403,0.20973661271698135,-0.2567203563930985,-0.4815812666625861,0.5959901959305035,0.7319143038960412
154,2025-09-16,659.93,16.360000610351562,-0.0013931164142295671,0.014653842424348085,0.030150100324760842,0.05026261586997105,0.05541205620072089,0.06972970098382295,0.06282078217262138,0.07958536608059873,2.6042338290849227,2.055654376683177,-0.024049102867996698,0.005299999999999999,0.0062,-0.009505647619039097,0.2477078449603463,0.1468736386563393,-0.008328225870338875,0.0590642664201029,0.19602575573447234,0.14553002396435755,-0.017731123974962237,6.929999828338623,0.06999969482421875,1.179999828338623,1.2232048672511586,-0.5506013937497046,-0.1645675668650233,0.4494011491219844,0.7447063106641377,0.4015105307132794,-0.6953294395730429,-0.7528009473577976,-0.8338517507449354,-0.9382877057511654,1.282483964704655,0.97393644592393,0.7097335740998213,0.49794773884697424,-0.8925815074455198,-0.6473007825130057,0.8894471681739518,0.6123837859138885,-0.6558577773232981,-0.5158903181605082,0.3950672678509517,0.20036986177952265,-0.3735905168974339,-0.4985599585618704,0.5232333245108796,0.7319143038960412
155,2025-09-17,659.18,15.720000267028809,-0.0011371304604113064,0.01060704390854017,0.023857074738225847,0.04726291691522633,0.054454811249589744,0.06967989966795118,0.060776410756289284,0.07825585738574335,2.5865298841133137,2.0087953531121463,-0.024049102867996698,0.005399999999999995,0.0062,-0.003843907387895528,0.2645616687443589,0.1525770388407062,-0.0033553833895198955,0.1055881711709139,0.208044553100838,0.15077540597277214,-0.014155977819628518,6.710000038146973,0.49000024795532227,0.5500001907348633,1.2056941235584135,-0.658272670060542,-0.14453124678785767,0.2898071444862698,0.5539308572438604,0.35963053727187855,-0.7061631684691158,-0.7534788523524714,-0.8611120386289056,-0.9611235633085818,1.252526329085003,0.8728319557659868,0.7097335740998213,0.584732916188872,-0.8925815074455198,-0.6090050945358434,0.968032904460445,0.6604200219943976,-0.6314737451205654,-0.225559533141012,0.4337937883871103,0.2298232612718991,-0.330966565325953,-0.5148004296306044,0.5855964077293944,0.662066855279426
156,2025-09-18,662.28,15.699999809265137,0.0046917889102351396,0.007076376800410955,0.020271118974522828,0.05182747733883186,0.0532641381989139,0.07018168103487754,0.0603651023838128,0.07756192693279777,2.600840417604455,2.024188984225229,-0.024049102867996698,0.005399999999999995,0.0062,-0.030263857002178093,0.16741473479121396,0.11969620353826163,-0.026001815363967576,0.08978175630027047,0.12059787313820351,0.11360715315226753,0.007923018217747213,6.170000076293945,-0.009999752044677734,0.25,1.2780718641550934,-0.661637472652733,0.31170509146521314,0.15056786666681415,0.4452212504961497,0.4233581857751084,-0.7196387465012999,-0.7466485088380643,-0.8665965531125375,-0.9730426256205004,1.2767418216510913,0.906045734175357,0.7097335740998213,0.584732916188872,-0.8925815074455198,-0.7877081267299844,0.5150577558816917,0.38348494536380834,-0.7425191539932356,-0.32419890707829424,0.15202635823898938,0.021119415298467503,-0.06773423384769602,-0.5546634392723491,0.5113547397677713,0.6288061251827726
157,2025-09-19,663.64,15.449999809265137,0.0020514065357444267,0.009416750129798146,0.02506901697595154,0.045438545246254236,0.0536409131359756,0.06864114940889358,0.05863177196531686,0.07635534863763974,2.6350900358946094,2.0234338634987235,-0.024049102867996698,0.005699999999999997,0.0062,-0.02837229847822126,0.16435710863684896,0.11833623526756952,-0.024478696777894337,0.0833200163259105,0.11780238451135991,0.11206412662855092,0.017783319703458034,5.880000114440918,-4.819999694824219,-0.11999988555908203,1.3098246793846045,-0.7036965423994107,0.10503927409399207,0.2428654076786759,0.590671345065174,0.3341597568089334,-0.7153745531847012,-0.7676185186746846,-0.8897093230469837,-0.9937670106408606,1.334697129719097,0.9044164621538155,0.7097335740998213,0.8450884482145774,-0.8925815074455198,-0.774913732768649,0.5008007062228751,0.3720307680658463,-0.7350506341688808,-0.36452316724940736,0.14301883906581334,0.012455150892662166,0.04982320149802286,-0.5760713505540154,-0.202850097526758,0.5877845968323135
158,2025-09-22,666.76,16.100000381469727,0.004690327299732289,0.008903275871070981,0.027305658273683697,0.04970320309553067,0.05073299182032433,0.06914634570359822,0.058351388320769075,0.07570970369704239,2.7591460708637903,2.1265438372199936,-0.024049102867996698,0.005400000000000002,0.0062,-0.01051817034923449,0.1349990054464339,0.10745756679517583,-0.00900001893941939,0.0712331193285516,0.09670940899213304,0.10152233795109705,0.01207127134973085,5.909999847412109,-3.2399997711181623,-0.07000017166137695,1.3826693731464237,-0.5943428647924778,0.311590689501252,0.2226154711158562,0.6584759728782819,0.3937003458653826,-0.7482852842861296,-0.7607416905130986,-0.8934480462590516,-1.0048567131401371,1.544617884555682,1.126889756064549,0.7097335740998213,0.584732916188878,-0.8925815074455198,-0.6541494285056381,0.3639102186539863,0.28040642642945424,-0.6591518739879755,-0.43995102122015195,0.07505384017998565,-0.04673815719875453,-0.018277531122374898,-0.5738567584629777,0.031753561903591646,0.5933280166041071
159,2025-09-23,663.23,16.639999389648438,-0.00530832305372364,0.004988069231576908,0.019641911655924993,0.04030508779658959,0.05088323163646615,0.06941004333827536,0.05856389447799242,0.07526837570209889,2.841340989694861,2.2107557436216103,-0.023880550147585135,0.0059000000000000025,0.0062,-0.033731240399749444,0.03398394754995675,0.07247985166816032,-0.029064500853524324,0.03409559859762888,0.02530376252766132,0.0687598929479298,-0.002373126699255046,5.940000057220459,-4.559999942779541,-1.4099998474121094,1.3002521394992381,-0.5034954409999771,-0.47101537084430267,0.06821106868949715,0.42614659239247066,0.2624895100384665,-0.746584928033999,-0.7571521880973068,-0.8906144226930275,-1.0124370345533238,1.6837035760259655,1.3085879907505045,0.712847057436744,1.018658802898385,-0.8925815074455198,-0.8111613102512222,-0.10710115553325655,-0.014189380823131191,-0.7575368469710947,-0.67170640816021,-0.15502677020975736,-0.23070290551971726,-0.19048792369629694,-0.5716421311716333,-0.16424446700394743,0.44476355257635547
160,2025-09-24,661.04,16.18000030517578,-0.0033074856282349074,0.002817714063753307,0.013424757972293477,0.0371702934047029,0.04514382716875113,0.06966032629435077,0.05743010636186468,0.07431204490610939,2.817337687523384,2.177305216888949,-0.021299036584597905,0.0058999999999999955,0.0062,-0.03129138325775186,0.07463792498157862,0.08684549555754704,-0.027071926593426256,0.04105012854250988,0.05629205283935738,0.08248487416306167,0.00031067618668778607,5.570000171661377,-5.230000019073486,-1.0299997329711914,1.2491207679164213,-0.5808839753089504,-0.31440748481972,-0.01738144879358181,0.23767122443652722,0.21872339532062238,-0.8115412926036509,-0.7537452888410272,-0.905732708048689,-1.0288631278308578,1.6430865168747617,1.2364140914012407,0.7605324311451888,1.018658802898379,-0.8925815074455198,-0.7946582557124733,0.08245955130580937,0.1068036126565477,-0.7477663796554749,-0.6283069095765556,-0.05517745712501325,-0.15363561964689593,-0.15849083063559383,-0.5989556682964756,-0.26372831340090186,0.48689379660105697
161,2025-09-25,657.95,16.739999771118164,-0.004685411796779171,-0.006559486643261003,0.0005168901571499518,0.03512606035370336,0.046646416335316854,0.07000246885789299,0.05722187621034845,0.07371822325185479,2.9254545428712753,2.270808903509076,-0.02014216142098374,0.005399999999999995,0.0062,-0.032710460850259096,0.07763720325985243,0.08829942913392165,-0.028978408138209684,0.031575487735765254,0.06113423473507887,0.08499790941700142,-0.010702367698042892,5.369999885559082,-5.430000305175781,-1.4900002479553223,1.176976503902314,-0.48667174892425874,-0.4222593780343619,-0.3871910667568555,-0.1536356757597727,0.19018304241849537,-0.7945355683598061,-0.7490879791162599,-0.908509314017207,-1.0390627051360235,1.8260358743229947,1.4381605607719865,0.7819020746372507,0.584732916188872,-0.8925815074455198,-0.8042568156038485,0.096444537433991,0.11904920200017222,-0.7571146965509375,-0.6874330710183673,-0.03957515924875095,-0.13952464905333864,-0.2897916023528655,-0.6137197681047223,-0.29342502306697427,0.43589398578183425
162,2025-09-26,661.75,15.289999961853027,0.005758900511061427,-0.0028519926679440033,0.006564757461854143,0.04206631451825782,0.049352795875623585,0.07072273301226233,0.05790231708114656,0.07348907424159372,2.6406542488489753,2.0805813816061267,-0.016234947861449103,0.005700000000000004,0.0062,-0.005270632849312004,0.06039902222033228,0.08211266310136636,-0.0050239202549224446,0.03875944332313619,0.049093564053383526,0.07968295123674875,0.01534224392900363,5.539999961853027,-3.010000228881836,-0.679999828338623,1.2656976052788875,-0.7306143213664654,0.395229164850082,-0.24097824979245627,0.029707711521113702,0.2870786987087551,-0.7639058092841228,-0.7392836062962972,-0.8994361026243106,-1.042998605802182,1.344112582854788,1.027719728882848,0.8540756016008331,0.8450884482145834,-0.8925815074455198,-0.6186553841762854,0.016066626368159472,0.0669418723182573,-0.6396553146784898,-0.6426018498128806,-0.07837215916562361,-0.16936872643743192,0.0207199729663917,-0.60117029558782,0.06590466119566092,0.5256979464695039
163,2025-09-29,663.61,16.1200008392334,0.0028067864144043497,-0.004735533553271942,0.004167742317799039,0.04885270285584653,0.04957822278619296,0.07054297545242372,0.056558410431986034,0.07247508455718764,2.850150970671003,2.2242127674254246,-0.014512977951437363,0.005200000000000003,0.0062,-0.005139413204529709,0.08575815698842267,0.08983545421376506,-0.004867762578055255,0.03123309087700028,0.06652802179388682,0.08539173081507494,0.005985716645084516,5.650000095367432,-1.6500000953674316,-0.5299997329711914,1.3091242496368953,-0.5909780622002867,0.16416374089745575,-0.31525964324714667,-0.04295871016654598,0.38182617282427067,-0.7613545145166738,-0.7417305004297525,-0.9173561742182614,-1.060415057524076,1.6986113381277215,1.337623284852729,0.8858835997655179,0.41116256150507646,-0.8925815074455198,-0.617767821983761,0.1343107888133141,0.13198619764764336,-0.638889604958924,-0.6895697865267901,-0.02219549979254393,-0.137313298393368,-0.09083131710660984,-0.5930500424532996,0.2678420178759398,0.5423283115178306
164,2025-09-30,666.11,16.280000686645508,0.0037601945456753327,0.004332984046127031,0.009321053277703939,0.06898107599293724,0.050122827955770895,0.06454950082980017,0.05578094766700612,0.07168160124490833,2.9185593589825234,2.271154718073755,-0.014512977951437363,0.005600000000000001,0.0062,-0.012260310188847979,0.06210575896677494,0.0817625053971598,-0.011489280822277514,0.02938965279663149,0.04804241612736869,0.07752673641330923,0.017205838932043527,5.739999771118164,-1.2700004577636719,-4.960000038146973,1.3674933952793786,-0.564060283233232,0.2387881107012768,0.04237640760738902,0.11326586281073649,0.6628464177505375,-0.7551908834046631,-0.8233148182535911,-0.9277231058937419,-1.0740440559379363,1.8143682258524996,1.4389067010580305,0.8858835997655179,0.7583032708726796,-0.8925815074455198,-0.6659331630089333,0.024024770797890664,0.0639927090821267,-0.6713578190077041,-0.7010736967827103,-0.08175912880180972,-0.1814761108918471,0.04293830466729853,-0.58640623097988,0.3242656317169707,0.051178475520673464
165,2025-10-01,668.51,16.290000915527344,0.003596533225951326,0.011237002900313264,0.014054716964066571,0.057602872177977105,0.04459811839428214,0.059097088569640216,0.05494742064919321,0.07086795246666405,2.964652521094551,2.2986413955151423,-0.014512977951437363,0.005700000000000004,0.0062,0.16497161407661823,0.07138456909824631,0.08500947049619492,0.14519140148265802,0.039909061633560124,0.055467792849765336,0.08067177762533931,0.048707885783072946,6.039999961853027,-1.690000057220459,-3.1099996566772443,1.4235277750961621,-0.5623778819371364,0.2259781477430373,0.3146509013129607,0.25676866979712454,0.503990776456358,-0.8177174138898683,-0.8975340921719923,-0.9388376158517288,-1.0880194196746686,1.892364523136753,1.4982128132444008,0.8858835997655179,0.8450884482145834,-0.8925815074455198,0.5328534633939959,0.06728985624015973,0.09133990145869286,0.0969164260756597,-0.6354276973352267,-0.05783335691606884,-0.16381635701895284,0.4185150394471002,-0.5642600988676634,0.2619026901031997,0.2562862230059146
166,2025-10-02,669.17,16.6299991607666,0.0009867831672085714,0.016909197864301007,0.010349711221040003,0.06349797199225193,0.04469354567868215,0.058469727099633335,0.05315796188111654,0.0696823831273967,3.1284117321800715,2.3865428268093,-0.014512977951437363,0.005500000000000005,0.0062,0.1547055162076557,0.06854303564361161,0.08410141802708111,0.12546235085828894,0.05945131320383952,0.05305545904938157,0.07966554960367395,0.03454135540713654,6.28000020980835,-1.3299999237060547,-4.21999979019165,1.438937229545777,-0.5051778422960727,0.02170995756141835,0.5383458309817313,0.14445001784964218,0.5862946160359014,-0.8166374047163997,-0.9060738559621438,-0.9626988187547634,-1.1083829514520178,2.1694687946948132,1.6878716818650337,0.8858835997655179,0.6715180935307818,-0.8925815074455198,0.46341416298769833,0.05404040011810183,0.08369193333970981,0.00017622012513225812,-0.5134749663717149,-0.06560628890026794,-0.169466438529697,0.24961746758728298,-0.5465431861378287,0.3153567108602325,0.13322158508806445
167,2025-10-03,669.18,16.649999618530273,1.4943774050202308e-05,0.011165241127289782,0.008313248459345779,0.056104123042717724,0.04169322700274421,0.05695246959267906,0.051347226066261714,0.06848528893532588,3.2426288417302347,2.4311789987852297,-0.014512977951437363,0.005500000000000005,0.0062,0.17380894064385474,0.07830049359607709,0.08697450832478412,0.13828930313908105,0.029714466006836974,0.060322267089047914,0.08220981406651079,0.04442631468453406,6.869999885559082,-0.28999996185302734,-3.9300003051757812,1.4391707061283467,-0.5018130397038817,-0.05435704867261839,0.31182082497191255,0.08271387815127461,0.4830661420507332,-0.8505938534796197,-0.9267270540587395,-0.9868437364543657,-1.1289444359753769,2.3627406646040816,1.7841800781206185,0.8858835997655179,0.6715180935307818,-0.8925815074455198,0.5926286362126927,0.09953731685971254,0.10789020794077603,0.0630724044873283,-0.6990467114123128,-0.04219145110892586,-0.1551801124779478,0.3674688804301583,-0.5029891779442524,0.4697793745562187,0.1653735466440022
168,2025-10-06,671.59,16.3700008392334,0.0035949530426648835,0.011953407755550316,0.007217874202278374,0.06028407021259774,0.04293538581517627,0.057303792813291614,0.05075380102684025,0.06774554427164725,3.225374357789757,2.4163952058002054,-0.014512977951437363,0.0058,0.0062,0.1904577955371521,0.021672123529231417,0.06707125292099549,0.14760383335414826,0.01985074415687938,0.015619021230537392,0.06161021850393515,0.042797227993810694,6.900000095367432,-0.029999732971191406,-3.9000000953674316,1.4954385625277025,-0.5489189924536091,0.22585446494858902,0.3429038324488032,0.04950719280042177,0.5414240515279777,-0.8365355794674615,-0.9219447754817753,-0.9947566515357208,-1.1416504106214935,2.3335435820598858,1.7522821054689752,0.8858835997655179,0.9318736255564812,-0.8925815074455198,0.7052405410584202,-0.16450852896362492,-0.05974268549841855,0.10874563978355675,-0.7606009193673582,-0.18623258234700502,-0.2708491174260368,0.3480464262998445,-0.5007745506529081,0.5083850758814012,0.1686996408002568
169,2025-10-07,669.13,17.239999771118164,-0.0036696741461810234,0.00452353906369396,0.00885652310982099,0.04898894948717558,0.044271487347278385,0.05604615273512283,0.0502422884038513,0.06704172776691283,3.431372319776071,2.571532737201716,-0.014512977951437363,0.005699999999999997,0.0062,0.16213245161497805,-0.05290622210494209,0.04181773274116971,0.1261790022816605,-0.006846028071696161,-0.038847375113017266,0.03844854540605453,0.0322677956091173,6.760000228881836,0.05000019073486328,-1.7899999618530273,1.438003323215498,-0.40255360943090346,-0.34275640383499817,0.0498913452150163,0.09918345488363593,0.3837283663818769,-0.8214140980124617,-0.9390640117021176,-1.0015773208365961,-1.1537392773666804,2.6821219296244205,2.0870116798685676,0.8858835997655179,0.8450884482145774,-0.8925815074455198,0.5136495304496045,-0.512251229836623,-0.27243757240940397,0.0036902770157395655,-0.9272011839006981,-0.3617321728827468,-0.40090447079579,0.22251141415193965,-0.511109395878466,0.5202637314268814,0.40263330855165397
170,2025-10-08,673.07,16.299999237060547,0.005870974991954547,0.006797980829697181,0.018034983730010445,0.05691810411013609,0.045598039186389015,0.05690014491155779,0.05161925998452958,0.06707326432608997,3.1577359384744565,2.430178313346264,-0.014512977951437363,0.005500000000000005,0.0062,0.1913127432789691,-0.04785850118206438,0.04215163440726648,0.1485761152495036,-0.006554370922980565,-0.036560237537850176,0.039163469393670505,0.025384989199102925,6.820000171661377,0.6500000953674316,-0.48000001907348633,1.529993096748053,-0.5606958015262777,0.4040013655828262,0.13958873645632774,0.37743196387800915,0.49443045636333627,-0.8064006962969145,-0.9274393075816816,-0.9832163511040604,-1.1531976002975444,2.219089593246293,1.7820209680196213,0.8858835997655179,0.6715180935307818,-0.8925815074455198,0.7110233588177559,-0.4887147985568934,-0.269625323795978,0.11351316522558001,-0.9253811077614168,-0.3543626435052404,-0.39689009361979843,0.1404525571570579,-0.5066801764960841,0.6093537188203547,0.5478717312896241
171,2025-10-09,671.17,16.43000030517578,-0.0028268780355880097,0.0029843196269006,0.019893517491201607,0.04343776622179352,0.04599336485883952,0.05386107504005044,0.050574906941888535,0.06619707421922805,3.2486466705819437,2.481982851804561,-0.014512977951437363,0.005400000000000002,0.0062,0.19682489208823362,-0.030624819460760695,0.047148057791219965,0.15322620971104448,-0.03318997010298292,-0.024126189733750754,0.044157545906617586,0.02654582437324926,6.489999771118164,0.6099996566772461,-0.5200004577636719,1.4856325460597635,-0.5388249055622728,-0.2767897662919843,-0.01081100825561088,0.43377411855584563,0.3062260829015669,-0.8019265529170767,-0.9688077053638308,-0.9971420812172179,-1.1682471840655488,2.372923701449826,1.8937960552822524,0.8858835997655179,0.584732916188878,-0.8925815074455198,0.7483072189500396,-0.40835786683909353,-0.2275435190003694,0.1363146220449579,-1.091599624044918,-0.31429811849872197,-0.36884780224895836,0.15429237799108655,-0.5310409358996451,0.6034143202452427,0.5434369214591269
172,2025-10-10,653.11,21.65999984741211,-0.027276889705086127,-0.02430751385223573,-0.013142272724945947,0.012681315406919857,0.0950065460738599,0.07236154432765175,0.09520048372996397,0.08734372698631869,2.2751985072734153,2.479857523231735,-0.029655162167382346,0.005299999999999999,0.0062,-0.07354048765598852,-0.5285023694599063,-0.25052941892288755,-0.07103004903441552,-0.19070991119636665,-0.6667216562998726,-0.28800714985255343,-0.03245035549046804,6.570000171661377,0.6600003242492676,-1.1599998474121094,1.0639738379384656,0.3410507565257667,-2.1905207831441778,-1.0871218208083497,-0.5677183703779057,-0.12317699315387504,-0.2472142851843947,-0.7169757946133459,-0.4020906827713613,-0.805028837112234,0.7257086079900087,1.8892103800931828,0.6061791955539397,0.49794773884697424,-0.8925815074455198,-1.0804287879685293,-2.7298532348108973,-2.73469803824377,-0.9633123731807358,-2.07459725502235,-2.3848452601001635,-2.233989266829446,-0.5490775554763563,-0.5251352748561624,0.6108385861647257,0.4724808100347423
173,2025-10-14,662.2,20.809999465942383,0.01382205673088066,-0.010410736017838929,-0.005887196954144969,0.028738842517332053,0.10237404589278605,0.07634399119686545,0.09800158335839579,0.08938730703964642,2.1234350255178396,2.3280709706035125,-0.029655162167382346,0.005500000000000005,0.0062,-0.07135815957095167,-0.46126206727705005,-0.22473866835751208,-0.07338154602739151,-0.20407434526216983,-0.6393789401603522,-0.2714163426410401,-0.01650634514769056,7.085000038146973,1.1449999809265137,-0.5250000953674316,1.2762040514945356,0.1980498552100154,1.0263418350678586,-0.53907318002213,-0.3477780013550111,0.10100854686689319,-0.16383176581378486,-0.6627659695032064,-0.3647399442251669,-0.7699279737741074,0.46890284554021494,1.56171098196668,0.6061791955539397,0.6715180935307818,-0.8925815074455198,-1.065667645281577,-2.4163262439698903,-2.517478389822865,-0.9748427963989497,-2.157997533963861,-2.296742580121985,-2.140830051367577,-0.3589883408880645,-0.48711778209048695,0.6828529531097923,0.5428826164884788
174,2025-10-15,665.08,20.63999938964844,0.004339709059033581,-0.011942001950759895,-0.005144021121062714,0.03334279138329865,0.10222808972725726,0.07673505522746009,0.09555175820042049,0.08833958914596758,2.160085777422944,2.3364382367167247,-0.029655162167382346,0.005499999999999998,0.0062,-0.08222498710234052,-0.47097352987954944,-0.23075557237915303,-0.0864321199544392,-0.2077482748036093,-0.6497975757595753,-0.27843457785391007,-0.01749773817036715,7.190000057220459,1.619999885559082,0.03000020980834961,1.3434453072746761,0.16944967494686572,0.2841473896219175,-0.5994618703516538,-0.3252483445821828,0.1652861131227493,-0.16548364136160645,-0.6574427314534326,-0.3974066791140834,-0.7879237467036023,0.5309212189886268,1.5797644561947501,0.6061791955539397,0.6715180935307759,-0.8925815074455198,-1.1391702468588394,-2.4616086943394087,-2.5681550761352767,-1.038835495972427,-2.180924561555066,-2.3303131191029642,-2.1802382174695927,-0.37080802219642955,-0.47936663937124174,0.7533825235128598,0.6044149618806403
175,2025-10-16,660.65,25.309999465942383,-0.006683135311953414,-0.0157982592271253,-0.0128139396002247,0.032115462097178415,0.10276501182836964,0.07704415578584188,0.0944432053790855,0.08798821352176747,2.679917455612672,2.8765215763451004,-0.029655162167382346,0.0058,0.0062,-0.12268724686271522,-0.4989832603843221,-0.25501219719362683,-0.1319088951560643,-0.21999191259962128,-0.6824722006608751,-0.3074062106777103,-0.03647516729423561,7.260000228881836,1.890000343322754,0.3300004005432129,1.2400151811961944,0.955113110650213,-0.5786235346557407,-0.751541480749035,-0.5577648273833219,0.14815087947810213,-0.1594069642531112,-0.6532351957946751,-0.4121884691561283,-0.7939590315681776,1.4105516077937017,2.7450651076936845,0.6061791955539397,0.9318736255564812,-0.8925815074455198,-1.412854663906214,-2.5922120116110547,-2.7724537257896036,-1.2618281114172336,-2.2573305509458983,-2.4355960765969136,-2.342917136590632,-0.5970625541182091,-0.47419919915830944,0.7934730921824134,0.6376756919772937
176,2025-10-17,664.32,20.780000686645508,0.005539762237188661,0.01701839271514949,-0.007289121137086241,0.04033163828732622,0.10382187007588933,0.07752973856884199,0.09272321929721138,0.08728280512782396,2.241078431502481,2.380766825288624,-0.029655162167382346,0.005600000000000001,0.0062,-0.1332107402331039,-0.5101912415287786,-0.2616213285254679,-0.14453574220212784,-0.22419566625175788,-0.7010939076219598,-0.3165165675501441,-0.03203491941836756,7.460000038146973,1.9200000762939453,0.75,1.3257010869993615,0.19300297220696558,0.3780769557894649,0.5426521594199856,-0.3902778637794916,0.2628601920284567,-0.14744585051552797,-0.6466253504891613,-0.4351233015323475,-0.8060752408613047,0.6679725046017669,1.6754092009084207,0.6061791955539397,0.7583032708726796,-0.8925815074455198,-1.48403497280229,-2.6444724043747287,-2.8281183789229427,-1.323743091869115,-2.2835639271938817,-2.495598246120539,-2.394072796950822,-0.5441246035552608,-0.45943513455036944,0.7979275526107824,0.6842406400995461
177,2025-10-20,671.27,18.229999542236328,0.01040747944007947,0.02742587215522896,-0.0004765947396716541,0.0546334727010338,0.10807582973857185,0.0794232461668141,0.09483574755915132,0.0886182337626258,1.9222708747949544,2.0571386686703206,-0.029655162167382346,0.005400000000000002,0.0062,-0.1040434232986311,-0.45458682749922075,-0.2369571252032142,-0.11477693078107527,-0.22176634887711033,-0.651591480936588,-0.29326736476353515,-0.014214954966812243,7.210000038146973,1.559999942779541,1.0399999618530273,1.4879673118854635,-0.2359997317402884,0.7590788758850049,0.9530929845606328,-0.1837535465758197,0.4625338061085227,-0.0993011769229715,-0.6208505645091402,-0.4069541889516074,-0.7831377014526232,0.12850400580380525,0.9771390005904432,0.6061791955539397,0.584732916188878,-0.8925815074455198,-1.2867489047645202,-2.3852010441605027,-2.620386945878328,-1.1778225607433253,-2.268403857887132,-2.336093373446208,-2.2635259547084905,-0.3316697083461713,-0.47789023291044774,0.7444735318537498,0.716392654521957
178,2025-10-21,671.27,17.8700008392334,0.0,0.013603815424348298,0.0031930794065093693,0.039502606681042884,0.10750152582460366,0.07468342855925172,0.09160529384813,0.08709582554860687,1.9507607135521667,2.0517631845926325,-0.029655162167382346,0.005299999999999999,0.0062,-0.10483263170477704,-0.4544734816726218,-0.2383038601780547,-0.11485108566446531,-0.22238956861599946,-0.6451840118143969,-0.29335390132319666,-0.0142517155060915,7.139999866485596,1.4000000953674316,1.2599997520446777,1.4879673118854635,-0.29656457397354324,-0.05552671534988956,0.4079911275330703,-0.0725059853645157,0.25128575114033264,-0.10580092696138406,-0.685369864326101,-0.45003006912424204,-0.8092868325219457,0.17671293379809727,0.9655406885555593,0.6061791955539397,0.49794773884697424,-0.8925815074455198,-1.292087065407156,-2.3846725370779303,-2.631729667254717,-1.1781861747269868,-2.2722930386642073,-2.3154474654587958,-2.264011867051637,-0.33210797838546546,-0.4830576731233801,0.7207162207627893,0.7407838178240892
179,2025-10-22,667.79,18.600000381469727,-0.00519768768333595,0.004066418681978767,-0.007875583268781128,0.038653629781920884,0.10865467899334727,0.07485634417786324,0.08984433226463576,0.08631686870249111,2.0702474950432683,2.1548511503097343,-0.029655162167382346,0.005199999999999996,0.0062,-0.1214741768788618,-0.43394618366604737,-0.2324483419855354,-0.13539111547819344,-0.20492621734703273,-0.6271454063245971,-0.28930832675881557,-0.021170742490814298,6.699999809265137,0.6599998474121094,0.7899999618530273,1.4067174611511262,-0.17375216732570134,-0.4623558109743993,0.03186384223122384,-0.40805668535735173,0.23943284606434442,-0.09274998447163471,-0.6830161039994521,-0.4735112816549826,-0.8226663219905789,0.37890185084544153,1.1879664973103663,0.6061791955539397,0.41116256150507047,-0.8925815074455198,-1.4046495277290765,-2.28895818474507,-2.5824122346395977,-1.278902968060958,-2.1633136116331615,-2.257324143744484,-2.2412955189134527,-0.4145986678020679,-0.5155386504611547,0.6108385153623538,0.6886753970635702
180,2025-10-23,671.63,17.299999237060547,0.005733840797677026,0.016483394791609207,0.0006851355644839074,0.04025574677701638,0.11009321650146672,0.07519242153457334,0.08846733754828297,0.08571391235204655,1.9555238935068775,2.0183420360052535,-0.029655162167382346,0.005299999999999999,0.0062,-0.19818102565514809,-0.4587486393667782,-0.25225459487176716,-0.20829334351911866,-0.2161900464282461,-0.6222207773661326,-0.3069052264693298,-0.016321694562451583,6.760000228881836,0.48000001907348633,0.820000171661377,1.4963724688579814,-0.3924595225395671,0.39326771176672903,0.5215533918989297,-0.14853525253271765,0.26180064038611367,-0.07646917217653482,-0.6784413550250034,-0.4918725598858386,-0.8330227983230556,0.18477292323564276,0.8934301764084647,0.6061791955539397,0.49794773884697424,-0.8925815074455198,-1.9234902774846858,-2.4046066730604623,-2.7492281354633104,-1.636374632015237,-2.233605139332523,-2.2414561880181774,-2.3401040549113317,-0.3567868819096309,-0.511109395878466,0.5841115403850233,0.6920014912198248
181,2025-10-24,677.11,16.3700008392334,0.00812614759793373,0.019069780152354276,0.036088172867503765,0.046074945412973634,0.11237820301716443,0.07646961017479845,0.08885335296439473,0.08601179454241575,1.8423616321820941,1.9032274499470785,-0.029655162167382346,0.005400000000000002,0.0062,-0.21587496587209223,-0.4541803929479839,-0.25166428645825695,-0.2293820756944424,-0.22667389294386295,-0.6330369705052364,-0.3107241690036526,-0.00716031626224467,6.929999828338623,0.059999942779541016,1.359999656677246,1.6243176361063052,-0.5489189924536091,0.5805163637250067,0.6235529344113856,0.9247212281639461,0.34304479334440235,-0.050608576711394106,-0.6610560200555679,-0.4867253095932588,-0.8279063253774595,-0.006713990901302536,0.6450553566576396,0.6061791955539397,0.584732916188878,-0.8925815074455198,-2.043171079847777,-2.3833059277245803,-2.744256330330398,-1.7397819541778348,-2.299029213369428,-2.2763077220740535,-2.3615478391622013,-0.24756221583172483,-0.4985599585618704,0.5217485279688805,0.7518707102341493
182,2025-10-27,685.18,16.3700008392334,0.011847836216116292,0.0205101369283911,0.04793600908362006,0.054418366652530636,0.11765848853847466,0.07909658860179969,0.09287546257200333,0.08824258444406187,1.7625754301403633,1.8551134854408708,-0.029655162167382346,0.005299999999999999,0.0062,-0.19506094595305462,-0.39260562608432165,-0.2252167725313271,-0.21315804495516533,-0.22570558030163768,-0.5766565663278125,-0.28656242949044625,-0.003403702743170811,7.010000228881836,0.1100001335144043,1.640000343322754,1.8127332382402397,-0.5489189924536091,0.8718172857841555,0.6803564310752196,1.2838928690698748,0.45953062477718637,0.009151656825628813,-0.6252970894853369,-0.4330932420891016,-0.78958991523916,-0.14172378516326894,0.5412431668132731,0.6061791955539397,0.49794773884697424,-0.8925815074455198,-1.902386236349419,-2.096196103113728,-2.521505167573339,-1.6602284011484403,-2.2929864925129704,-2.0946408868943394,-2.225877002382042,-0.2027747565915226,-0.4926542975183878,0.5291727230859916,0.7829141147152638
